Freq.	Vn001)
1.00000000000000e+01	6.65579844202825e+01	-2.42517489558336e-03
1.00200000000000e+04	6.65526613684435e+01	-2.42927014739001e+00
2.00300000000000e+04	6.65367476837480e+01	-4.85160575307572e+00
3.00400000000000e+04	6.65103452147460e+01	-7.26498755434933e+00
4.00500000000000e+04	6.64736211235840e+01	-9.66508985024209e+00
5.00600000000000e+04	6.64268041985515e+01	-1.20477600393478e+01
6.00700000000000e+04	6.63701799368317e+01	-1.44090673634532e+01
7.00800000000000e+04	6.63040846083124e+01	-1.67453446915974e+01
8.00900000000000e+04	6.62288985548685e+01	-1.90532224073485e+01
9.01000000000000e+04	6.61450389889362e+01	-2.13296538766063e+01
1.00110000000000e+05	6.60529525557428e+01	-2.35719323862137e+01
1.10120000000000e+05	6.59531079072324e+01	-2.57776998181765e+01
1.20130000000000e+05	6.58459885083564e+01	-2.79449476418001e+01
1.30140000000000e+05	6.57320858579899e+01	-3.00720110425222e+01
1.40150000000000e+05	6.56118932684348e+01	-3.21575571765296e+01
1.50160000000000e+05	6.54859003042819e+01	-3.42005686251099e+01
1.60170000000000e+05	6.53545879402121e+01	-3.62003231365251e+01
1.70180000000000e+05	6.52184244643312e+01	-3.81563707169038e+01
1.80190000000000e+05	6.50778621202104e+01	-4.00685090411262e+01
1.90200000000000e+05	6.49333344574439e+01	-4.19367580481617e+01
2.00210000000000e+05	6.47852543418740e+01	-4.37613344567389e+01
2.10220000000000e+05	6.46340125651184e+01	-4.55426268093107e+01
2.20230000000000e+05	6.44799769842175e+01	-4.72811715143440e+01
2.30240000000000e+05	6.43234921201054e+01	-4.89776302388255e+01
2.40250000000000e+05	6.41648791445815e+01	-5.06327688975050e+01
2.50260000000000e+05	6.40044361870206e+01	-5.22474383820640e+01
2.60270000000000e+05	6.38424388992869e+01	-5.38225571105040e+01
2.70280000000000e+05	6.36791412194487e+01	-5.53590953871139e+01
2.80290000000000e+05	6.35147762876809e+01	-5.68580615601299e+01
2.90300000000000e+05	6.33495574664356e+01	-5.83204898682727e+01
3.00310000000000e+05	6.31836794309628e+01	-5.97474298984488e+01
3.10320000000000e+05	6.30173192980978e+01	-6.11399375287015e+01
3.20330000000000e+05	6.28506377674949e+01	-6.24990672245232e+01
3.30340000000000e+05	6.26837802559407e+01	-6.38258655668318e+01
3.40350000000000e+05	6.25168780087347e+01	-6.51213658826158e+01
3.50360000000000e+05	6.23500491754661e+01	-6.63865838476654e+01
3.60370000000000e+05	6.21833998421049e+01	-6.76225139518609e+01
3.70380000000000e+05	6.20170250130594e+01	-6.88301267162209e+01
3.80390000000000e+05	6.18510095388754e+01	-7.00103665564356e+01
3.90400000000000e+05	6.16854289881989e+01	-7.11641502113895e+01
4.00410000000000e+05	6.15203504626927e+01	-7.22923656478046e+01
4.10420000000000e+05	6.13558333554454e+01	-7.33958713699755e+01
4.20430000000000e+05	6.11919300541345e+01	-7.44754960703395e+01
4.30440000000000e+05	6.10286865906766e+01	-7.55320385625745e+01
4.40450000000000e+05	6.08661432400994e+01	-7.65662679547905e+01
4.50460000000000e+05	6.07043350703059e+01	-7.75789240050316e+01
4.60470000000000e+05	6.05432924466288e+01	-7.85707176404854e+01
4.70480000000000e+05	6.03830414930520e+01	-7.95423315921802e+01
4.80490000000000e+05	6.02236045134085e+01	-8.04944211245109e+01
4.90500000000000e+05	6.00650003757236e+01	-8.14276148441050e+01
5.00510000000000e+05	5.99072448616078e+01	-8.23425155508956e+01
5.10520000000000e+05	5.97503509841129e+01	-8.32397011300318e+01
5.20530000000000e+05	5.95943292762472e+01	-8.41197254641633e+01
5.30540000000000e+05	5.94391880527050e+01	-8.49831193585113e+01
5.40550000000000e+05	5.92849336468004e+01	-8.58303914627988e+01
5.50560000000000e+05	5.91315706249901e+01	-8.66620291892863e+01
5.60570000000000e+05	5.89791019807404e+01	-8.74784996153051e+01
5.70580000000000e+05	5.88275293098218e+01	-8.82802503734184e+01
5.80590000000000e+05	5.86768529683067e+01	-8.90677105133887e+01
5.90600000000000e+05	5.85270722151581e+01	-8.98412913427441e+01
6.00610000000000e+05	5.83781853407716e+01	-9.06013872435332e+01
6.10620000000000e+05	5.82301897825239e+01	-9.13483764535499e+01
6.20630000000000e+05	5.80830822289103e+01	-9.20826218259745e+01
6.30640000000000e+05	5.79368587130142e+01	-9.28044715536084e+01
6.40650000000000e+05	5.77915146965447e+01	-9.35142598671017e+01
6.50660000000000e+05	5.76470451451700e+01	-9.42123076993849e+01
6.60670000000000e+05	5.75034445961532e+01	-9.48989233260504e+01
6.70680000000000e+05	5.73607072188027e+01	-9.55744029684584e+01
6.80690000000000e+05	5.72188268687129e+01	-9.62390313784965e+01
6.90700000000000e+05	5.70777971361095e+01	-9.68930823854327e+01
7.00710000000000e+05	5.69376113891169e+01	-9.75368194242549e+01
7.10720000000000e+05	5.67982628122960e+01	-9.81704960338940e+01
7.20730000000000e+05	5.66597444409643e+01	-9.87943563306225e+01
7.30740000000000e+05	5.65220491917394e+01	-9.94086354596995e+01
7.40750000000000e+05	5.63851698896323e+01	-1.00013560020958e+02
7.50760000000000e+05	5.62490992920936e+01	-1.00609348476603e+02
7.60770000000000e+05	5.61138301102555e+01	-1.01196211533450e+02
7.70780000000000e+05	5.59793550277075e+01	-1.01774352508568e+02
7.80790000000000e+05	5.58456667170219e+01	-1.02343967674287e+02
7.90800000000000e+05	5.57127578542745e+01	-1.02905246586525e+02
8.00810000000000e+05	5.55806211317604e+01	-1.03458372393895e+02
8.10820000000000e+05	5.54492492690964e+01	-1.04003522131654e+02
8.20830000000000e+05	5.53186350228668e+01	-1.04540867001352e+02
8.30840000000000e+05	5.51887711949817e+01	-1.05070572633368e+02
8.40850000000000e+05	5.50596506398686e+01	-1.05592799337870e+02
8.50860000000000e+05	5.49312662706337e+01	-1.06107702340376e+02
8.60870000000000e+05	5.48036110642934e+01	-1.06615432006948e+02
8.70880000000000e+05	5.46766780661809e+01	-1.07116134056814e+02
8.80890000000000e+05	5.45504603936183e+01	-1.07609949763839e+02
8.90900000000000e+05	5.44249512389528e+01	-1.08097016145940e+02
9.00910000000000e+05	5.43001438719755e+01	-1.08577466148700e+02
9.10920000000000e+05	5.41760316418673e+01	-1.09051428814892e+02
9.20930000000000e+05	5.40526079786640e+01	-1.09519029448247e+02
9.30940000000000e+05	5.39298663943390e+01	-1.09980389766852e+02
9.40950000000000e+05	5.38078004835035e+01	-1.10435628051421e+02
9.50960000000000e+05	5.36864039238348e+01	-1.10884859282422e+02
9.60970000000000e+05	5.35656704762193e+01	-1.11328195272163e+02
9.70980000000000e+05	5.34455939846199e+01	-1.11765744791944e+02
9.80990000000000e+05	5.33261683758041e+01	-1.12197613689059e+02
9.91000000000000e+05	5.32073876588491e+01	-1.12623905000500e+02
1.00101000000000e+06	5.30892459244928e+01	-1.13044719061002e+02
1.01102000000000e+06	5.29717373443992e+01	-1.13460153603610e+02
1.02103000000000e+06	5.28548561702165e+01	-1.13870303859601e+02
1.03104000000000e+06	5.27385967326721e+01	-1.14275262647697e+02
1.04105000000000e+06	5.26229534404649e+01	-1.14675120464628e+02
1.05106000000000e+06	5.25079207791694e+01	-1.15069965567707e+02
1.06107000000000e+06	5.23934933100845e+01	-1.15459884053919e+02
1.07108000000000e+06	5.22796656689563e+01	-1.15844959938729e+02
1.08109000000000e+06	5.21664325648238e+01	-1.16225275224641e+02
1.09110000000000e+06	5.20537887786639e+01	-1.16600909974070e+02
1.10111000000000e+06	5.19417291621784e+01	-1.16971942372429e+02
1.11112000000000e+06	5.18302486364591e+01	-1.17338448792691e+02
1.12113000000000e+06	5.17193421907066e+01	-1.17700503854899e+02
1.13114000000000e+06	5.16090048809355e+01	-1.18058180483695e+02
1.14115000000000e+06	5.14992318286811e+01	-1.18411549963146e+02
1.15116000000000e+06	5.13900182197164e+01	-1.18760681989457e+02
1.16117000000000e+06	5.12813593028209e+01	-1.19105644719867e+02
1.17118000000000e+06	5.11732503884755e+01	-1.19446504822568e+02
1.18119000000000e+06	5.10656868476556e+01	-1.19783327521587e+02
1.19120000000000e+06	5.09586641106317e+01	-1.20116176640487e+02
1.20121000000000e+06	5.08521776657552e+01	-1.20445114645216e+02
1.21122000000000e+06	5.07462230582981e+01	-1.20770202684139e+02
1.22123000000000e+06	5.06407958893048e+01	-1.21091500626979e+02
1.23124000000000e+06	5.05358918144591e+01	-1.21409067102268e+02
1.24125000000000e+06	5.04315065430309e+01	-1.21722959531735e+02
1.25126000000000e+06	5.03276358367473e+01	-1.22033234166444e+02
1.26127000000000e+06	5.02242755087742e+01	-1.22339946118729e+02
1.27128000000000e+06	5.01214214227178e+01	-1.22643149393370e+02
1.28129000000000e+06	5.00190694915837e+01	-1.22942896919353e+02
1.29130000000000e+06	4.99172156768504e+01	-1.23239240577922e+02
1.30131000000000e+06	4.98158559875048e+01	-1.23532231231418e+02
1.31132000000000e+06	4.97149864791335e+01	-1.23821918750212e+02
1.32133000000000e+06	4.96146032530196e+01	-1.24108352039006e+02
1.33134000000000e+06	4.95147024553059e+01	-1.24391579061315e+02
1.34135000000000e+06	4.94152802760982e+01	-1.24671646865070e+02
1.35136000000000e+06	4.93163329486883e+01	-1.24948601604917e+02
1.36137000000000e+06	4.92178567487474e+01	-1.25222488565085e+02
1.37138000000000e+06	4.91198479935343e+01	-1.25493352181570e+02
1.38139000000000e+06	4.90223030411760e+01	-1.25761236062402e+02
1.39140000000000e+06	4.89252182898930e+01	-1.26026183009073e+02
1.40141000000000e+06	4.88285901773247e+01	-1.26288235035303e+02
1.41142000000000e+06	4.87324151798261e+01	-1.26547433386370e+02
1.42143000000000e+06	4.86366898117925e+01	-1.26803818557549e+02
1.43144000000000e+06	4.85414106250139e+01	-1.27057430311901e+02
1.44145000000000e+06	4.84465742080426e+01	-1.27308307697313e+02
1.45146000000000e+06	4.83521771855698e+01	-1.27556489063454e+02
1.46147000000000e+06	4.82582162178450e+01	-1.27802012077498e+02
1.47148000000000e+06	4.81646880000659e+01	-1.28044913740417e+02
1.48149000000000e+06	4.80715892618603e+01	-1.28285230401111e+02
1.49150000000000e+06	4.79789167666823e+01	-1.28522997772273e+02
1.50151000000000e+06	4.78866673113041e+01	-1.28758250944170e+02
1.51152000000000e+06	4.77948377253097e+01	-1.28991024398037e+02
1.52153000000000e+06	4.77034248705726e+01	-1.29221352020039e+02
1.53154000000000e+06	4.76124256407589e+01	-1.29449267114283e+02
1.54155000000000e+06	4.75218369608544e+01	-1.29674802415365e+02
1.55156000000000e+06	4.74316557867174e+01	-1.29897990100307e+02
1.56157000000000e+06	4.73418791045878e+01	-1.30118861801269e+02
1.57158000000000e+06	4.72525039306694e+01	-1.30337448616578e+02
1.58159000000000e+06	4.71635273106958e+01	-1.30553781122166e+02
1.59160000000000e+06	4.70749463195074e+01	-1.30767889382589e+02
1.60161000000000e+06	4.69867580606445e+01	-1.30979802961569e+02
1.61162000000000e+06	4.68989596659450e+01	-1.31189550932536e+02
1.62163000000000e+06	4.68115482951373e+01	-1.31397161889073e+02
1.63164000000000e+06	4.67245211355001e+01	-1.31602663953898e+02
1.64165000000000e+06	4.66378754014550e+01	-1.31806084789225e+02
1.65166000000000e+06	4.65516083342145e+01	-1.32007451605820e+02
1.66167000000000e+06	4.64657172014409e+01	-1.32206791171956e+02
1.67168000000000e+06	4.63801992968744e+01	-1.32404129822650e+02
1.68169000000000e+06	4.62950519400153e+01	-1.32599493467915e+02
1.69170000000000e+06	4.62102724757832e+01	-1.32792907601457e+02
1.70171000000000e+06	4.61258582741920e+01	-1.32984397308856e+02
1.71172000000000e+06	4.60418067300456e+01	-1.33173987275269e+02
1.72173000000000e+06	4.59581152626090e+01	-1.33361701793703e+02
1.73174000000000e+06	4.58747813153102e+01	-1.33547564772485e+02
1.74175000000000e+06	4.57918023554639e+01	-1.33731599742236e+02
1.75176000000000e+06	4.57091758739500e+01	-1.33913829863849e+02
1.76177000000000e+06	4.56268993849310e+01	-1.34094277935332e+02
1.77178000000000e+06	4.55449704256019e+01	-1.34272966398297e+02
1.78179000000000e+06	4.54633865558811e+01	-1.34449917345327e+02
1.79180000000000e+06	4.53821453581484e+01	-1.34625152526368e+02
1.80181000000000e+06	4.53012444370021e+01	-1.34798693354922e+02
1.81182000000000e+06	4.52206814189703e+01	-1.34970560914654e+02
1.82183000000000e+06	4.51404539522821e+01	-1.35140775965303e+02
1.83184000000000e+06	4.50605597065903e+01	-1.35309358949114e+02
1.84185000000000e+06	4.49809963727534e+01	-1.35476329996066e+02
1.85186000000000e+06	4.49017616625697e+01	-1.35641708930299e+02
1.86187000000000e+06	4.48228533085635e+01	-1.35805515275100e+02
1.87188000000000e+06	4.47442690637196e+01	-1.35967768259085e+02
1.88189000000000e+06	4.46660067012964e+01	-1.36128486820774e+02
1.89190000000000e+06	4.45880640145607e+01	-1.36287689614538e+02
1.90191000000000e+06	4.45104388165896e+01	-1.36445395015337e+02
1.91192000000000e+06	4.44331289400359e+01	-1.36601621124051e+02
1.92193000000000e+06	4.43561322369325e+01	-1.36756385771919e+02
1.93194000000000e+06	4.42794465784593e+01	-1.36909706525947e+02
1.94195000000000e+06	4.42030698547563e+01	-1.37061600693043e+02
1.95196000000000e+06	4.41269999746973e+01	-1.37212085325115e+02
1.96197000000000e+06	4.40512348657004e+01	-1.37361177223305e+02
1.97198000000000e+06	4.39757724735238e+01	-1.37508892942518e+02
1.98199000000000e+06	4.39006107620724e+01	-1.37655248795636e+02
1.99200000000000e+06	4.38257477132051e+01	-1.37800260857879e+02
2.00201000000000e+06	4.37511813265392e+01	-1.37943944970827e+02
2.01202000000000e+06	4.36769096192633e+01	-1.38086316746657e+02
2.02203000000000e+06	4.36029306259618e+01	-1.38227391571851e+02
2.03204000000000e+06	4.35292423984133e+01	-1.38367184611431e+02
2.04205000000000e+06	4.34558430054241e+01	-1.38505710812530e+02
2.05206000000000e+06	4.33827305326438e+01	-1.38642984908251e+02
2.06207000000000e+06	4.33099030824055e+01	-1.38779021421059e+02
2.07208000000000e+06	4.32373587735186e+01	-1.38913834666971e+02
2.08209000000000e+06	4.31650957411306e+01	-1.39047438758463e+02
2.09210000000000e+06	4.30931121365493e+01	-1.39179847608064e+02
2.10211000000000e+06	4.30214061270691e+01	-1.39311074931960e+02
2.11212000000000e+06	4.29499758958065e+01	-1.39441134253222e+02
2.12213000000000e+06	4.28788196415352e+01	-1.39570038905094e+02
2.13214000000000e+06	4.28079355785505e+01	-1.39697802033700e+02
2.14215000000000e+06	4.27373219364825e+01	-1.39824436601823e+02
2.15216000000000e+06	4.26669769601429e+01	-1.39949955391761e+02
2.16217000000000e+06	4.25968989093862e+01	-1.40074371008036e+02
2.17218000000000e+06	4.25270860589446e+01	-1.40197695880692e+02
2.18219000000000e+06	4.24575366982817e+01	-1.40319942267983e+02
2.19220000000000e+06	4.23882491314323e+01	-1.40441122259414e+02
2.20221000000000e+06	4.23192216768741e+01	-1.40561247778222e+02
2.21222000000000e+06	4.22504526673759e+01	-1.40680330584187e+02
2.22223000000000e+06	4.21819404498434e+01	-1.40798382276484e+02
2.23224000000000e+06	4.21136833851861e+01	-1.40915414296141e+02
2.24225000000000e+06	4.20456798481682e+01	-1.41031437928756e+02
2.25226000000000e+06	4.19779282272939e+01	-1.41146464306637e+02
2.26227000000000e+06	4.19104269246332e+01	-1.41260504411838e+02
2.27228000000000e+06	4.18431743557236e+01	-1.41373569078019e+02
2.28229000000000e+06	4.17761689494063e+01	-1.41485668993292e+02
2.29230000000000e+06	4.17094091477090e+01	-1.41596814702339e+02
2.30231000000000e+06	4.16428934057076e+01	-1.41707016608755e+02
2.31232000000000e+06	4.15766201914086e+01	-1.41816284977172e+02
2.32233000000000e+06	4.15105879856098e+01	-1.41924629935617e+02
2.33234000000000e+06	4.14447952817670e+01	-1.42032061477769e+02
2.34235000000000e+06	4.13792405858935e+01	-1.42138589464762e+02
2.35236000000000e+06	4.13139224164114e+01	-1.42244223627572e+02
2.36237000000000e+06	4.12488393040402e+01	-1.42348973568950e+02
2.37238000000000e+06	4.11839897916716e+01	-1.42452848765522e+02
2.38239000000000e+06	4.11193724342567e+01	-1.42555858569598e+02
2.39240000000000e+06	4.10549857986816e+01	-1.42658012211219e+02
2.40241000000000e+06	4.09908284636479e+01	-1.42759318800125e+02
2.41242000000000e+06	4.09268990195623e+01	-1.42859787327539e+02
2.42243000000000e+06	4.08631960684218e+01	-1.42959426667982e+02
2.43244000000000e+06	4.07997182236968e+01	-1.43058245581129e+02
2.44245000000000e+06	4.07364641102142e+01	-1.43156252713692e+02
2.45246000000000e+06	4.06734323640619e+01	-1.43253456600903e+02
2.46247000000000e+06	4.06106216324713e+01	-1.43349865668292e+02
2.47248000000000e+06	4.05480305736864e+01	-1.43445488233817e+02
2.48249000000000e+06	4.04856578569124e+01	-1.43540332508560e+02
2.49250000000000e+06	4.04235021621361e+01	-1.43634406599525e+02
2.50251000000000e+06	4.03615621800854e+01	-1.43727718510183e+02
2.51252000000000e+06	4.02998366120871e+01	-1.43820276142692e+02
2.52253000000000e+06	4.02383241699791e+01	-1.43912087299172e+02
2.53254000000000e+06	4.01770235760029e+01	-1.44003159683254e+02
2.54255000000000e+06	4.01159335627052e+01	-1.44093500901653e+02
2.55256000000000e+06	4.00550528728408e+01	-1.44183118465411e+02
2.56257000000000e+06	3.99943802592659e+01	-1.44272019791633e+02
2.57258000000000e+06	3.99339144848571e+01	-1.44360212204496e+02
2.58259000000000e+06	3.98736543223875e+01	-1.44447702937139e+02
2.59260000000000e+06	3.98135985544588e+01	-1.44534499132579e+02
2.60261000000000e+06	3.97537459733953e+01	-1.44620607845206e+02
2.61262000000000e+06	3.96940953811449e+01	-1.44706036042216e+02
2.62263000000000e+06	3.96346455892008e+01	-1.44790790604626e+02
2.63264000000000e+06	3.95753954184943e+01	-1.44874878328834e+02
2.64265000000000e+06	3.95163436993157e+01	-1.44958305927698e+02
2.65266000000000e+06	3.94574892712178e+01	-1.45041080031833e+02
2.66267000000000e+06	3.93988309829364e+01	-1.45123207190635e+02
2.67268000000000e+06	3.93403676922900e+01	-1.45204693873807e+02
2.68269000000000e+06	3.92820982661009e+01	-1.45285546472238e+02
2.69270000000000e+06	3.92240215801127e+01	-1.45365771299189e+02
2.70271000000000e+06	3.91661365188911e+01	-1.45445374591599e+02
2.71272000000000e+06	3.91084419757693e+01	-1.45524362510780e+02
2.72273000000000e+06	3.90509368527196e+01	-1.45602741144143e+02
2.73274000000000e+06	3.89936200603123e+01	-1.45680516505688e+02
2.74275000000000e+06	3.89364905176179e+01	-1.45757694537270e+02
2.75276000000000e+06	3.88795471521226e+01	-1.45834281109725e+02
2.76277000000000e+06	3.88227888996581e+01	-1.45910282023718e+02
2.77278000000000e+06	3.87662147043135e+01	-1.45985703010865e+02
2.78279000000000e+06	3.87098235183662e+01	-1.46060549734643e+02
2.79280000000000e+06	3.86536143021953e+01	-1.46134827791446e+02
2.80281000000000e+06	3.85975860242167e+01	-1.46208542711359e+02
2.81282000000000e+06	3.85417376607925e+01	-1.46281699959398e+02
2.82283000000000e+06	3.84860681961729e+01	-1.46354304936052e+02
2.83284000000000e+06	3.84305766224095e+01	-1.46426362978481e+02
2.84285000000000e+06	3.83752619392899e+01	-1.46497879361249e+02
2.85286000000000e+06	3.83201231542551e+01	-1.46568859297359e+02
2.86287000000000e+06	3.82651592823410e+01	-1.46639307938907e+02
2.87288000000000e+06	3.82103693460981e+01	-1.46709230378070e+02
2.88289000000000e+06	3.81557523755257e+01	-1.46778631647870e+02
2.89290000000000e+06	3.81013074079978e+01	-1.46847516723141e+02
2.90291000000000e+06	3.80470334882030e+01	-1.46915890521061e+02
2.91292000000000e+06	3.79929296680630e+01	-1.46983757902207e+02
2.92293000000000e+06	3.79389950066808e+01	-1.47051123671254e+02
2.93294000000000e+06	3.78852285702625e+01	-1.47117992577588e+02
2.94295000000000e+06	3.78316294320545e+01	-1.47184369316396e+02
2.95296000000000e+06	3.77781966722786e+01	-1.47250258529092e+02
2.96297000000000e+06	3.77249293780677e+01	-1.47315664804254e+02
2.97298000000000e+06	3.76718266434057e+01	-1.47380592678149e+02
2.98299000000000e+06	3.76188875690582e+01	-1.47445046635636e+02
2.99300000000000e+06	3.75661112625119e+01	-1.47509031110745e+02
3.00301000000000e+06	3.75134968379111e+01	-1.47572550487482e+02
3.01302000000000e+06	3.74610434159988e+01	-1.47635609100398e+02
3.02303000000000e+06	3.74087501240611e+01	-1.47698211235186e+02
3.03304000000000e+06	3.73566160958533e+01	-1.47760361129586e+02
3.04305000000000e+06	3.73046404715558e+01	-1.47822062973788e+02
3.05306000000000e+06	3.72528223977034e+01	-1.47883320911170e+02
3.06307000000000e+06	3.72011610271324e+01	-1.47944139038967e+02
3.07308000000000e+06	3.71496555189303e+01	-1.48004521408706e+02
3.08309000000000e+06	3.70983050383593e+01	-1.48064472027089e+02
3.09310000000000e+06	3.70471087568183e+01	-1.48123994856384e+02
3.10311000000000e+06	3.69960658517838e+01	-1.48183093814974e+02
3.11312000000000e+06	3.69451755067447e+01	-1.48241772778153e+02
3.12313000000000e+06	3.68944369111581e+01	-1.48300035578534e+02
3.13314000000000e+06	3.68438492603911e+01	-1.48357886006617e+02
3.14315000000000e+06	3.67934117556682e+01	-1.48415327811360e+02
3.15316000000000e+06	3.67431236040174e+01	-1.48472364700785e+02
3.16317000000000e+06	3.66929840182202e+01	-1.48529000342386e+02
3.17318000000000e+06	3.66429922167511e+01	-1.48585238363849e+02
3.18319000000000e+06	3.65931474237405e+01	-1.48641082353339e+02
3.19320000000000e+06	3.65434488689174e+01	-1.48696535860083e+02
3.20321000000000e+06	3.64938957875475e+01	-1.48751602395113e+02
3.21322000000000e+06	3.64444874204048e+01	-1.48806285431380e+02
3.22323000000000e+06	3.63952230137067e+01	-1.48860588404490e+02
3.23324000000000e+06	3.63461018190729e+01	-1.48914514713084e+02
3.24325000000000e+06	3.62971230934683e+01	-1.48968067719450e+02
3.25326000000000e+06	3.62482860991657e+01	-1.49021250749778e+02
3.26327000000000e+06	3.61995901036962e+01	-1.49074067094759e+02
3.27328000000000e+06	3.61510343797973e+01	-1.49126520010002e+02
3.28329000000000e+06	3.61026182053666e+01	-1.49178612716542e+02
3.29330000000000e+06	3.60543408634246e+01	-1.49230348401160e+02
3.30331000000000e+06	3.60062016420611e+01	-1.49281730216893e+02
3.31332000000000e+06	3.59581998343931e+01	-1.49332761283448e+02
3.32333000000000e+06	3.59103347385174e+01	-1.49383444687664e+02
3.33334000000000e+06	3.58626056574756e+01	-1.49433783483803e+02
3.34335000000000e+06	3.58150118991966e+01	-1.49483780694106e+02
3.35336000000000e+06	3.57675527764703e+01	-1.49533439309063e+02
3.36337000000000e+06	3.57202276068862e+01	-1.49582762287945e+02
3.37338000000000e+06	3.56730357128083e+01	-1.49631752559044e+02
3.38339000000000e+06	3.56259764213204e+01	-1.49680413020235e+02
3.39340000000000e+06	3.55790490641953e+01	-1.49728746539127e+02
3.40341000000000e+06	3.55322529778432e+01	-1.49776755953696e+02
3.41342000000000e+06	3.54855875032823e+01	-1.49824444072407e+02
3.42343000000000e+06	3.54390519860896e+01	-1.49871813674765e+02
3.43344000000000e+06	3.53926457763663e+01	-1.49918867511558e+02
3.44345000000000e+06	3.53463682286947e+01	-1.49965608305268e+02
3.45346000000000e+06	3.53002187021037e+01	-1.50012038750413e+02
3.46347000000000e+06	3.52541965600282e+01	-1.50058161513804e+02
3.47348000000000e+06	3.52083011702675e+01	-1.50103979235077e+02
3.48349000000000e+06	3.51625319049523e+01	-1.50149494526852e+02
3.49350000000000e+06	3.51168881405103e+01	-1.50194709974995e+02
3.50351000000000e+06	3.50713692576197e+01	-1.50239628139235e+02
3.51352000000000e+06	3.50259746411783e+01	-1.50284251553203e+02
3.52353000000000e+06	3.49807036802680e+01	-1.50328582724882e+02
3.53354000000000e+06	3.49355557681217e+01	-1.50372624136798e+02
3.54355000000000e+06	3.48905303020721e+01	-1.50416378246582e+02
3.55356000000000e+06	3.48456266835418e+01	-1.50459847486896e+02
3.56357000000000e+06	3.48008443179827e+01	-1.50503034266146e+02
3.57358000000000e+06	3.47561826148614e+01	-1.50545940968374e+02
3.58359000000000e+06	3.47116409876163e+01	-1.50588569953804e+02
3.59360000000000e+06	3.46672188536226e+01	-1.50630923559072e+02
3.60361000000000e+06	3.46229156341616e+01	-1.50673004097434e+02
3.61362000000000e+06	3.45787307543890e+01	-1.50714813859198e+02
3.62363000000000e+06	3.45346636432975e+01	-1.50756355111783e+02
3.63364000000000e+06	3.44907137336901e+01	-1.50797630100146e+02
3.64365000000000e+06	3.44468804621421e+01	-1.50838641047013e+02
3.65366000000000e+06	3.44031632689737e+01	-1.50879390153137e+02
3.66367000000000e+06	3.43595615982162e+01	-1.50919879597524e+02
3.67368000000000e+06	3.43160748975835e+01	-1.50960111537675e+02
3.68369000000000e+06	3.42727026184359e+01	-1.51000088109964e+02
3.69370000000000e+06	3.42294442157582e+01	-1.51039811429701e+02
3.70371000000000e+06	3.41862991481167e+01	-1.51079283591544e+02
3.71372000000000e+06	3.41432668776442e+01	-1.51118506669614e+02
3.72373000000000e+06	3.41003468699977e+01	-1.51157482717813e+02
3.73374000000000e+06	3.40575385943373e+01	-1.51196213770000e+02
3.74375000000000e+06	3.40148415232929e+01	-1.51234701840271e+02
3.75376000000000e+06	3.39722551329385e+01	-1.51272948923089e+02
3.76377000000000e+06	3.39297789027564e+01	-1.51310956993772e+02
3.77378000000000e+06	3.38874123156169e+01	-1.51348728008349e+02
3.78379000000000e+06	3.38451548577519e+01	-1.51386263903990e+02
3.79380000000000e+06	3.38030060187203e+01	-1.51423566599236e+02
3.80381000000000e+06	3.37609652913800e+01	-1.51460637994145e+02
3.81382000000000e+06	3.37190321718670e+01	-1.51497479970516e+02
3.82383000000000e+06	3.36772061595666e+01	-1.51534094392105e+02
3.83384000000000e+06	3.36354867570841e+01	-1.51570483104825e+02
3.84385000000000e+06	3.35938734702200e+01	-1.51606647936961e+02
3.85386000000000e+06	3.35523658079494e+01	-1.51642590699286e+02
3.86387000000000e+06	3.35109632823785e+01	-1.51678313185478e+02
3.87388000000000e+06	3.34696654087446e+01	-1.51713817172011e+02
3.88389000000000e+06	3.34284717053697e+01	-1.51749104418582e+02
3.89390000000000e+06	3.33873816936463e+01	-1.51784176668179e+02
3.90391000000000e+06	3.33463948980071e+01	-1.51819035647348e+02
3.91392000000000e+06	3.33055108459076e+01	-1.51853683066251e+02
3.92393000000000e+06	3.32647290677916e+01	-1.51888120619021e+02
3.93394000000000e+06	3.32240490970721e+01	-1.51922349983834e+02
3.94395000000000e+06	3.31834704701111e+01	-1.51956372823069e+02
3.95396000000000e+06	3.31429927261905e+01	-1.51990190783509e+02
3.96397000000000e+06	3.31026154074950e+01	-1.52023805496475e+02
3.97398000000000e+06	3.30623380590738e+01	-1.52057218578234e+02
3.98399000000000e+06	3.30221602288382e+01	-1.52090431629763e+02
3.99400000000000e+06	3.29820814675253e+01	-1.52123446237216e+02
4.00401000000000e+06	3.29421013286786e+01	-1.52156263971964e+02
4.01402000000000e+06	3.29022193686266e+01	-1.52188886390817e+02
4.02403000000000e+06	3.28624351464604e+01	-1.52221315036151e+02
4.03404000000000e+06	3.28227482240121e+01	-1.52253551436017e+02
4.04405000000000e+06	3.27831581658280e+01	-1.52285597104440e+02
4.05406000000000e+06	3.27436645391599e+01	-1.52317453541352e+02
4.06407000000000e+06	3.27042669139271e+01	-1.52349122233003e+02
4.07408000000000e+06	3.26649648627102e+01	-1.52380604651876e+02
4.08409000000000e+06	3.26257579607164e+01	-1.52411902257022e+02
4.09410000000000e+06	3.25866457857720e+01	-1.52443016494059e+02
4.10411000000000e+06	3.25476279182960e+01	-1.52473948795335e+02
4.11412000000000e+06	3.25087039412763e+01	-1.52504700580234e+02
4.12413000000000e+06	3.24698734402543e+01	-1.52535273255088e+02
4.13414000000000e+06	3.24311360033058e+01	-1.52565668213459e+02
4.14415000000000e+06	3.23924912210151e+01	-1.52595886836247e+02
4.15416000000000e+06	3.23539386864631e+01	-1.52625930491773e+02
4.16417000000000e+06	3.23154779952017e+01	-1.52655800536019e+02
4.17418000000000e+06	3.22771087452386e+01	-1.52685498312638e+02
4.18419000000000e+06	3.22388305370170e+01	-1.52715025153141e+02
4.19420000000000e+06	3.22006429733974e+01	-1.52744382377038e+02
4.20421000000000e+06	3.21625456596346e+01	-1.52773571291984e+02
4.21422000000000e+06	3.21245382033658e+01	-1.52802593193824e+02
4.22423000000000e+06	3.20866202145903e+01	-1.52831449366760e+02
4.23424000000000e+06	3.20487913056453e+01	-1.52860141083543e+02
4.24425000000000e+06	3.20110510912010e+01	-1.52888669605411e+02
4.25426000000000e+06	3.19733991882272e+01	-1.52917036182438e+02
4.26427000000000e+06	3.19358352159875e+01	-1.52945242053446e+02
4.27428000000000e+06	3.18983587960133e+01	-1.52973288446334e+02
4.28429000000000e+06	3.18609695520967e+01	-1.53001176577938e+02
4.29430000000000e+06	3.18236671102641e+01	-1.53028907654309e+02
4.30431000000000e+06	3.17864510987608e+01	-1.53056482870871e+02
4.31432000000000e+06	3.17493211480390e+01	-1.53083903412364e+02
4.32433000000000e+06	3.17122768907348e+01	-1.53111170453105e+02
4.33434000000000e+06	3.16753179616577e+01	-1.53138285156993e+02
4.34435000000000e+06	3.16384439977709e+01	-1.53165248677658e+02
4.35436000000000e+06	3.16016546381726e+01	-1.53192062158608e+02
4.36437000000000e+06	3.15649495240856e+01	-1.53218726733245e+02
4.37438000000000e+06	3.15283282988383e+01	-1.53245243525041e+02
4.38439000000000e+06	3.14917906078492e+01	-1.53271613647552e+02
4.39440000000000e+06	3.14553360986076e+01	-1.53297838204697e+02
4.40441000000000e+06	3.14189644206668e+01	-1.53323918290605e+02
4.41442000000000e+06	3.13826752256232e+01	-1.53349854989913e+02
4.42443000000000e+06	3.13464681670973e+01	-1.53375649377806e+02
4.43444000000000e+06	3.13103429007242e+01	-1.53401302520083e+02
4.44445000000000e+06	3.12742990841406e+01	-1.53426815473299e+02
4.45446000000000e+06	3.12383363769644e+01	-1.53452189284718e+02
4.46447000000000e+06	3.12024544407802e+01	-1.53477424992694e+02
4.47448000000000e+06	3.11666529391329e+01	-1.53502523626413e+02
4.48449000000000e+06	3.11309315374971e+01	-1.53527486206327e+02
4.49450000000000e+06	3.10952899032824e+01	-1.53552313743903e+02
4.50451000000000e+06	3.10597277058075e+01	-1.53577007241990e+02
4.51452000000000e+06	3.10242446162860e+01	-1.53601567694761e+02
4.52453000000000e+06	3.09888403078136e+01	-1.53625996087839e+02
4.53454000000000e+06	3.09535144553594e+01	-1.53650293398394e+02
4.54455000000000e+06	3.09182667357486e+01	-1.53674460595159e+02
4.55456000000000e+06	3.08830968276452e+01	-1.53698498638611e+02
4.56457000000000e+06	3.08480044115473e+01	-1.53722408480961e+02
4.57458000000000e+06	3.08129891697613e+01	-1.53746191066344e+02
4.58459000000000e+06	3.07780507864026e+01	-1.53769847330825e+02
4.59460000000000e+06	3.07431889473730e+01	-1.53793378202390e+02
4.60461000000000e+06	3.07084033403524e+01	-1.53816784601257e+02
4.61462000000000e+06	3.06736936547837e+01	-1.53840067439731e+02
4.62463000000000e+06	3.06390595818578e+01	-1.53863227622435e+02
4.63464000000000e+06	3.06045008145120e+01	-1.53886266046205e+02
4.64465000000000e+06	3.05700170473972e+01	-1.53909183600439e+02
4.65466000000000e+06	3.05356079768907e+01	-1.53931981166852e+02
4.66467000000000e+06	3.05012733010603e+01	-1.53954659619863e+02
4.67468000000000e+06	3.04670127196692e+01	-1.53977219826382e+02
4.68469000000000e+06	3.04328259341555e+01	-1.53999662646052e+02
4.69470000000000e+06	3.03987126476209e+01	-1.54021988931359e+02
4.70471000000000e+06	3.03646725648247e+01	-1.54044199527457e+02
4.71472000000000e+06	3.03307053921603e+01	-1.54066295272598e+02
4.72473000000000e+06	3.02968108376563e+01	-1.54088276997841e+02
4.73474000000000e+06	3.02629886109586e+01	-1.54110145527380e+02
4.74475000000000e+06	3.02292384233186e+01	-1.54131901678489e+02
4.75476000000000e+06	3.01955599875853e+01	-1.54153546261561e+02
4.76477000000000e+06	3.01619530181869e+01	-1.54175080080331e+02
4.77478000000000e+06	3.01284172311293e+01	-1.54196503931766e+02
4.78479000000000e+06	3.00949523439796e+01	-1.54217818606169e+02
4.79480000000000e+06	3.00615580758510e+01	-1.54239024887362e+02
4.80481000000000e+06	3.00282341474034e+01	-1.54260123552602e+02
4.81482000000000e+06	2.99949802808221e+01	-1.54281115372673e+02
4.82483000000000e+06	2.99617961998129e+01	-1.54302001112019e+02
4.83484000000000e+06	2.99286816295889e+01	-1.54322781528717e+02
4.84485000000000e+06	2.98956362968574e+01	-1.54343457374640e+02
4.85486000000000e+06	2.98626599298174e+01	-1.54364029395398e+02
4.86487000000000e+06	2.98297522581438e+01	-1.54384498330460e+02
4.87488000000000e+06	2.97969130129756e+01	-1.54404864913243e+02
4.88489000000000e+06	2.97641419269106e+01	-1.54425129871055e+02
4.89490000000000e+06	2.97314387339914e+01	-1.54445293925311e+02
4.90491000000000e+06	2.96988031696976e+01	-1.54465357791414e+02
4.91492000000000e+06	2.96662349709352e+01	-1.54485322179017e+02
4.92493000000000e+06	2.96337338760263e+01	-1.54505187791837e+02
4.93494000000000e+06	2.96012996246992e+01	-1.54524955327928e+02
4.94495000000000e+06	2.95689319580834e+01	-1.54544625479581e+02
4.95496000000000e+06	2.95366306186905e+01	-1.54564198933465e+02
4.96497000000000e+06	2.95043953504140e+01	-1.54583676370646e+02
4.97498000000000e+06	2.94722258985153e+01	-1.54603058466629e+02
4.98499000000000e+06	2.94401220096159e+01	-1.54622345891433e+02
4.99500000000000e+06	2.94080834316849e+01	-1.54641539309640e+02
5.00501000000000e+06	2.93761099140345e+01	-1.54660639380446e+02
5.01502000000000e+06	2.93442012073089e+01	-1.54679646757667e+02
5.02503000000000e+06	2.93123570634758e+01	-1.54698562089833e+02
5.03504000000000e+06	2.92805772358163e+01	-1.54717386020233e+02
5.04505000000000e+06	2.92488614789150e+01	-1.54736119186982e+02
5.05506000000000e+06	2.92172095486573e+01	-1.54754762222998e+02
5.06507000000000e+06	2.91856212022086e+01	-1.54773315756134e+02
5.07508000000000e+06	2.91540961980220e+01	-1.54791780409137e+02
5.08509000000000e+06	2.91226342958143e+01	-1.54810156799799e+02
5.09510000000000e+06	2.90912352565696e+01	-1.54828445540872e+02
5.10511000000000e+06	2.90598988425197e+01	-1.54846647240277e+02
5.11512000000000e+06	2.90286248171462e+01	-1.54864762500983e+02
5.12513000000000e+06	2.89974129451648e+01	-1.54882791921180e+02
5.13514000000000e+06	2.89662629925203e+01	-1.54900736094219e+02
5.14515000000000e+06	2.89351747263819e+01	-1.54918595608698e+02
5.15516000000000e+06	2.89041479151238e+01	-1.54936371048604e+02
5.16517000000000e+06	2.88731823283289e+01	-1.54954062993160e+02
5.17518000000000e+06	2.88422777367743e+01	-1.54971672017060e+02
5.18519000000000e+06	2.88114339124314e+01	-1.54989198690295e+02
5.19520000000000e+06	2.87806506284451e+01	-1.55006643578435e+02
5.20521000000000e+06	2.87499276591363e+01	-1.55024007242498e+02
5.21522000000000e+06	2.87192647799869e+01	-1.55041290239101e+02
5.22523000000000e+06	2.86886617676447e+01	-1.55058493120369e+02
5.23524000000000e+06	2.86581183999010e+01	-1.55075616434085e+02
5.24525000000000e+06	2.86276344556889e+01	-1.55092660723739e+02
5.25526000000000e+06	2.85972097150809e+01	-1.55109626528415e+02
5.26527000000000e+06	2.85668439592723e+01	-1.55126514383054e+02
5.27528000000000e+06	2.85365369705820e+01	-1.55143324818284e+02
5.28529000000000e+06	2.85062885324405e+01	-1.55160058360607e+02
5.29530000000000e+06	2.84760984293825e+01	-1.55176715532329e+02
5.30531000000000e+06	2.84459664470440e+01	-1.55193296851675e+02
5.31532000000000e+06	2.84158923721486e+01	-1.55209802832815e+02
5.32533000000000e+06	2.83858759925098e+01	-1.55226233985796e+02
5.33534000000000e+06	2.83559170970127e+01	-1.55242590816728e+02
5.34535000000000e+06	2.83260154756158e+01	-1.55258873827761e+02
5.35536000000000e+06	2.82961709193396e+01	-1.55275083517062e+02
5.36537000000000e+06	2.82663832202616e+01	-1.55291220378944e+02
5.37538000000000e+06	2.82366521715115e+01	-1.55307284903802e+02
5.38539000000000e+06	2.82069775672579e+01	-1.55323277578253e+02
5.39540000000000e+06	2.81773592027097e+01	-1.55339198885061e+02
5.40541000000000e+06	2.81477968741023e+01	-1.55355049303305e+02
5.41542000000000e+06	2.81182903786979e+01	-1.55370829308236e+02
5.42543000000000e+06	2.80888395147721e+01	-1.55386539371447e+02
5.43544000000000e+06	2.80594440816129e+01	-1.55402179960890e+02
5.44545000000000e+06	2.80301038795112e+01	-1.55417751540826e+02
5.45546000000000e+06	2.80008187097560e+01	-1.55433254571959e+02
5.46547000000000e+06	2.79715883746268e+01	-1.55448689511400e+02
5.47548000000000e+06	2.79424126773901e+01	-1.55464056812689e+02
5.48549000000000e+06	2.79132914222869e+01	-1.55479356925911e+02
5.49550000000000e+06	2.78842244145341e+01	-1.55494590297627e+02
5.50551000000000e+06	2.78552114603136e+01	-1.55509757370955e+02
5.51552000000000e+06	2.78262523667716e+01	-1.55524858585562e+02
5.52553000000000e+06	2.77973469420018e+01	-1.55539894377803e+02
5.53554000000000e+06	2.77684949950516e+01	-1.55554865180560e+02
5.54555000000000e+06	2.77396963359065e+01	-1.55569771423481e+02
5.55556000000000e+06	2.77109507754911e+01	-1.55584613532880e+02
5.56557000000000e+06	2.76822581256638e+01	-1.55599391931702e+02
5.57558000000000e+06	2.76536181992007e+01	-1.55614107039784e+02
5.58559000000000e+06	2.76250308098027e+01	-1.55628759273621e+02
5.59560000000000e+06	2.75964957720831e+01	-1.55643349046591e+02
5.60561000000000e+06	2.75680129015605e+01	-1.55657876768874e+02
5.61562000000000e+06	2.75395820146583e+01	-1.55672342847469e+02
5.62563000000000e+06	2.75112029286952e+01	-1.55686747686340e+02
5.63564000000000e+06	2.74828754618795e+01	-1.55701091686309e+02
5.64565000000000e+06	2.74545994333079e+01	-1.55715375245159e+02
5.65566000000000e+06	2.74263746629562e+01	-1.55729598757600e+02
5.66567000000000e+06	2.73982009716748e+01	-1.55743762615379e+02
5.67568000000000e+06	2.73700781811824e+01	-1.55757867207225e+02
5.68569000000000e+06	2.73420061140625e+01	-1.55771912918921e+02
5.69570000000000e+06	2.73139845937576e+01	-1.55785900133301e+02
5.70571000000000e+06	2.72860134445609e+01	-1.55799829230325e+02
5.71572000000000e+06	2.72580924916198e+01	-1.55813700586998e+02
5.72573000000000e+06	2.72302215609174e+01	-1.55827514577547e+02
5.73574000000000e+06	2.72024004792798e+01	-1.55841271573315e+02
5.74575000000000e+06	2.71746290743651e+01	-1.55854971942782e+02
5.75576000000000e+06	2.71469071746574e+01	-1.55868616051733e+02
5.76577000000000e+06	2.71192346094649e+01	-1.55882204263119e+02
5.77578000000000e+06	2.70916112089128e+01	-1.55895736937211e+02
5.78579000000000e+06	2.70640368039398e+01	-1.55909214431452e+02
5.79580000000000e+06	2.70365112262920e+01	-1.55922637100684e+02
5.80581000000000e+06	2.70090343085179e+01	-1.55936005297070e+02
5.81582000000000e+06	2.69816058839674e+01	-1.55949319370019e+02
5.82583000000000e+06	2.69542257867790e+01	-1.55962579666416e+02
5.83584000000000e+06	2.69268938518830e+01	-1.55975786530478e+02
5.84585000000000e+06	2.68996099149934e+01	-1.55988940303856e+02
5.85586000000000e+06	2.68723738126018e+01	-1.56002041325634e+02
5.86587000000000e+06	2.68451853819758e+01	-1.56015089932329e+02
5.87588000000000e+06	2.68180444611532e+01	-1.56028086457936e+02
5.88589000000000e+06	2.67909508889349e+01	-1.56041031233988e+02
5.89590000000000e+06	2.67639045048868e+01	-1.56053924589459e+02
5.90591000000000e+06	2.67369051493245e+01	-1.56066766850929e+02
5.91592000000000e+06	2.67099526633220e+01	-1.56079558342486e+02
5.92593000000000e+06	2.66830468886974e+01	-1.56092299385837e+02
5.93594000000000e+06	2.66561876680124e+01	-1.56104990300246e+02
5.94595000000000e+06	2.66293748445660e+01	-1.56117631402626e+02
5.95596000000000e+06	2.66026082623927e+01	-1.56130223007493e+02
5.96597000000000e+06	2.65758877662571e+01	-1.56142765427042e+02
5.97598000000000e+06	2.65492132016463e+01	-1.56155258971128e+02
5.98599000000000e+06	2.65225844147732e+01	-1.56167703947314e+02
5.99600000000000e+06	2.64960012525636e+01	-1.56180100660884e+02
6.00601000000000e+06	2.64694635626605e+01	-1.56192449414789e+02
6.01602000000000e+06	2.64429711934098e+01	-1.56204750509805e+02
6.02603000000000e+06	2.64165239938663e+01	-1.56217004244460e+02
6.03604000000000e+06	2.63901218137839e+01	-1.56229210915028e+02
6.04605000000000e+06	2.63637645036136e+01	-1.56241370815606e+02
6.05606000000000e+06	2.63374519144954e+01	-1.56253484238152e+02
6.06607000000000e+06	2.63111838982608e+01	-1.56265551472388e+02
6.07608000000000e+06	2.62849603074267e+01	-1.56277572805935e+02
6.08609000000000e+06	2.62587809951841e+01	-1.56289548524305e+02
6.09610000000000e+06	2.62326458154067e+01	-1.56301478910875e+02
6.10611000000000e+06	2.62065546226371e+01	-1.56313364246916e+02
6.11612000000000e+06	2.61805072720881e+01	-1.56325204811666e+02
6.12613000000000e+06	2.61545036196349e+01	-1.56337000882271e+02
6.13614000000000e+06	2.61285435218156e+01	-1.56348752733840e+02
6.14615000000000e+06	2.61026268358258e+01	-1.56360460639430e+02
6.15616000000000e+06	2.60767534195110e+01	-1.56372124870163e+02
6.16617000000000e+06	2.60509231313685e+01	-1.56383745695109e+02
6.17618000000000e+06	2.60251358305433e+01	-1.56395323381368e+02
6.18619000000000e+06	2.59993913768171e+01	-1.56406858194074e+02
6.19620000000000e+06	2.59736896306153e+01	-1.56418350396425e+02
6.20621000000000e+06	2.59480304529937e+01	-1.56429800249719e+02
6.21622000000000e+06	2.59224137056437e+01	-1.56441208013252e+02
6.22623000000000e+06	2.58968392508784e+01	-1.56452573944536e+02
6.23624000000000e+06	2.58713069516416e+01	-1.56463898299097e+02
6.24625000000000e+06	2.58458166714911e+01	-1.56475181330638e+02
6.25626000000000e+06	2.58203682746069e+01	-1.56486423291009e+02
6.26627000000000e+06	2.57949616257768e+01	-1.56497624430206e+02
6.27628000000000e+06	2.57695965904054e+01	-1.56508784996389e+02
6.28629000000000e+06	2.57442730344967e+01	-1.56519905235953e+02
6.29630000000000e+06	2.57189908246611e+01	-1.56530985393458e+02
6.30631000000000e+06	2.56937498281114e+01	-1.56542025711662e+02
6.31632000000000e+06	2.56685499126498e+01	-1.56553026431617e+02
6.32633000000000e+06	2.56433909466783e+01	-1.56563987792550e+02
6.33634000000000e+06	2.56182727991826e+01	-1.56574910032015e+02
6.34635000000000e+06	2.55931953397405e+01	-1.56585793385780e+02
6.35636000000000e+06	2.55681584385071e+01	-1.56596638087926e+02
6.36637000000000e+06	2.55431619662203e+01	-1.56607444370861e+02
6.37638000000000e+06	2.55182057941950e+01	-1.56618212465236e+02
6.38639000000000e+06	2.54932897943165e+01	-1.56628942600104e+02
6.39640000000000e+06	2.54684138390424e+01	-1.56639635002837e+02
6.40641000000000e+06	2.54435778013979e+01	-1.56650289899112e+02
6.41642000000000e+06	2.54187815549682e+01	-1.56660907513028e+02
6.42643000000000e+06	2.53940249739035e+01	-1.56671488067038e+02
6.43644000000000e+06	2.53693079329084e+01	-1.56682031781998e+02
6.44645000000000e+06	2.53446303072429e+01	-1.56692538877134e+02
6.45646000000000e+06	2.53199919727188e+01	-1.56703009570166e+02
6.46647000000000e+06	2.52953928056946e+01	-1.56713444077160e+02
6.47648000000000e+06	2.52708326830761e+01	-1.56723842612644e+02
6.48649000000000e+06	2.52463114823095e+01	-1.56734205389631e+02
6.49650000000000e+06	2.52218290813822e+01	-1.56744532619562e+02
6.50651000000000e+06	2.51973853588158e+01	-1.56754824512383e+02
6.51652000000000e+06	2.51729801936653e+01	-1.56765081276527e+02
6.52653000000000e+06	2.51486134655179e+01	-1.56775303118883e+02
6.53654000000000e+06	2.51242850544887e+01	-1.56785490244906e+02
6.54655000000000e+06	2.50999948412113e+01	-1.56795642858585e+02
6.55656000000000e+06	2.50757427068513e+01	-1.56805761162366e+02
6.56657000000000e+06	2.50515285330835e+01	-1.56815845357330e+02
6.57658000000000e+06	2.50273522021042e+01	-1.56825895643051e+02
6.58659000000000e+06	2.50032135966213e+01	-1.56835912217716e+02
6.59660000000000e+06	2.49791125998538e+01	-1.56845895278079e+02
6.60661000000000e+06	2.49550490955288e+01	-1.56855845019444e+02
6.61662000000000e+06	2.49310229678752e+01	-1.56865761635782e+02
6.62663000000000e+06	2.49070341016280e+01	-1.56875645319637e+02
6.63664000000000e+06	2.48830823820189e+01	-1.56885496262214e+02
6.64665000000000e+06	2.48591676947772e+01	-1.56895314653304e+02
6.65666000000000e+06	2.48352899261290e+01	-1.56905100681344e+02
6.66667000000000e+06	2.48114489627858e+01	-1.56914854533484e+02
6.67668000000000e+06	2.47876446919530e+01	-1.56924576395494e+02
6.68669000000000e+06	2.47638770013215e+01	-1.56934266451803e+02
6.69670000000000e+06	2.47401457790621e+01	-1.56943924885594e+02
6.70671000000000e+06	2.47164509138321e+01	-1.56953551878641e+02
6.71672000000000e+06	2.46927922947605e+01	-1.56963147611540e+02
6.72673000000000e+06	2.46691698114587e+01	-1.56972712263508e+02
6.73674000000000e+06	2.46455833540066e+01	-1.56982246012558e+02
6.74675000000000e+06	2.46220328129561e+01	-1.56991749035404e+02
6.75676000000000e+06	2.45985180793288e+01	-1.57001221507470e+02
6.76677000000000e+06	2.45750390446113e+01	-1.57010663603002e+02
6.77678000000000e+06	2.45515956007512e+01	-1.57020075494991e+02
6.78679000000000e+06	2.45281876401594e+01	-1.57029457355189e+02
6.79680000000000e+06	2.45048150557023e+01	-1.57038809354104e+02
6.80681000000000e+06	2.44814777407062e+01	-1.57048131661093e+02
6.81682000000000e+06	2.44581755889487e+01	-1.57057424444272e+02
6.82683000000000e+06	2.44349084946566e+01	-1.57066687870597e+02
6.83684000000000e+06	2.44116763525076e+01	-1.57075922105820e+02
6.84685000000000e+06	2.43884790576260e+01	-1.57085127314536e+02
6.85686000000000e+06	2.43653165055776e+01	-1.57094303660168e+02
6.86687000000000e+06	2.43421885923728e+01	-1.57103451304967e+02
6.87688000000000e+06	2.43190952144592e+01	-1.57112570410095e+02
6.88689000000000e+06	2.42960362687211e+01	-1.57121661135525e+02
6.89690000000000e+06	2.42730116524798e+01	-1.57130723640110e+02
6.90691000000000e+06	2.42500212634837e+01	-1.57139758081632e+02
6.91692000000000e+06	2.42270649999198e+01	-1.57148764616674e+02
6.92693000000000e+06	2.42041427603940e+01	-1.57157743400809e+02
6.93694000000000e+06	2.41812544439433e+01	-1.57166694588451e+02
6.94695000000000e+06	2.41583999500269e+01	-1.57175618332959e+02
6.95696000000000e+06	2.41355791785249e+01	-1.57184514786594e+02
6.96697000000000e+06	2.41127920297346e+01	-1.57193384100578e+02
6.97698000000000e+06	2.40900384043735e+01	-1.57202226425044e+02
6.98699000000000e+06	2.40673182035705e+01	-1.57211041909081e+02
6.99700000000000e+06	2.40446313288700e+01	-1.57219830700723e+02
7.00701000000000e+06	2.40219776822236e+01	-1.57228592947003e+02
7.01702000000000e+06	2.39993571659922e+01	-1.57237328793879e+02
7.02703000000000e+06	2.39767696829449e+01	-1.57246038386300e+02
7.03704000000000e+06	2.39542151362518e+01	-1.57254721868203e+02
7.04705000000000e+06	2.39316934294853e+01	-1.57263379382533e+02
7.05706000000000e+06	2.39092044666192e+01	-1.57272011071211e+02
7.06707000000000e+06	2.38867481520240e+01	-1.57280617075192e+02
7.07708000000000e+06	2.38643243904661e+01	-1.57289197534435e+02
7.08709000000000e+06	2.38419330871045e+01	-1.57297752587895e+02
7.09710000000000e+06	2.38195741474919e+01	-1.57306282373602e+02
7.10711000000000e+06	2.37972474775684e+01	-1.57314787028594e+02
7.11712000000000e+06	2.37749529836636e+01	-1.57323266688996e+02
7.12713000000000e+06	2.37526905724909e+01	-1.57331721489907e+02
7.13714000000000e+06	2.37304601511503e+01	-1.57340151565553e+02
7.14715000000000e+06	2.37082616271187e+01	-1.57348557049211e+02
7.15716000000000e+06	2.36860949082574e+01	-1.57356938073201e+02
7.16717000000000e+06	2.36639599028036e+01	-1.57365294768947e+02
7.17718000000000e+06	2.36418565193692e+01	-1.57373627266993e+02
7.18719000000000e+06	2.36197846669420e+01	-1.57381935696886e+02
7.19720000000000e+06	2.35977442548805e+01	-1.57390220187392e+02
7.20721000000000e+06	2.35757351929144e+01	-1.57398480866279e+02
7.21722000000000e+06	2.35537573911415e+01	-1.57406717860472e+02
7.22723000000000e+06	2.35318107600255e+01	-1.57414931296028e+02
7.23724000000000e+06	2.35098952103936e+01	-1.57423121298107e+02
7.24725000000000e+06	2.34880106534378e+01	-1.57431287991039e+02
7.25726000000000e+06	2.34661570007105e+01	-1.57439431498238e+02
7.26727000000000e+06	2.34443341641224e+01	-1.57447551942297e+02
7.27728000000000e+06	2.34225420559417e+01	-1.57455649444973e+02
7.28729000000000e+06	2.34007805887930e+01	-1.57463724127143e+02
7.29730000000000e+06	2.33790496756523e+01	-1.57471776108887e+02
7.30731000000000e+06	2.33573492298488e+01	-1.57479805509463e+02
7.31732000000000e+06	2.33356791650632e+01	-1.57487812447243e+02
7.32733000000000e+06	2.33140393953227e+01	-1.57495797039839e+02
7.33734000000000e+06	2.32924298350005e+01	-1.57503759404061e+02
7.34735000000000e+06	2.32708503988168e+01	-1.57511699655839e+02
7.35736000000000e+06	2.32493010018328e+01	-1.57519617910408e+02
7.36737000000000e+06	2.32277815594526e+01	-1.57527514282132e+02
7.37738000000000e+06	2.32062919874204e+01	-1.57535388884612e+02
7.38739000000000e+06	2.31848322018162e+01	-1.57543241830672e+02
7.39740000000000e+06	2.31634021190585e+01	-1.57551073232385e+02
7.40741000000000e+06	2.31420016558990e+01	-1.57558883200994e+02
7.41742000000000e+06	2.31206307294234e+01	-1.57566671847000e+02
7.42743000000000e+06	2.30992892570490e+01	-1.57574439280188e+02
7.43744000000000e+06	2.30779771565201e+01	-1.57582185609560e+02
7.44745000000000e+06	2.30566943459135e+01	-1.57589910943343e+02
7.45746000000000e+06	2.30354407436284e+01	-1.57597615389069e+02
7.46747000000000e+06	2.30142162683907e+01	-1.57605299053495e+02
7.47748000000000e+06	2.29930208392498e+01	-1.57612962042689e+02
7.48749000000000e+06	2.29718543755751e+01	-1.57620604461960e+02
7.49750000000000e+06	2.29507167970575e+01	-1.57628226415877e+02
7.50751000000000e+06	2.29296080237058e+01	-1.57635828008377e+02
7.51752000000000e+06	2.29085279758460e+01	-1.57643409342592e+02
7.52753000000000e+06	2.28874765741186e+01	-1.57650970521008e+02
7.53754000000000e+06	2.28664537394791e+01	-1.57658511645394e+02
7.54755000000000e+06	2.28454593931936e+01	-1.57666032816796e+02
7.55756000000000e+06	2.28244934568397e+01	-1.57673534135658e+02
7.56757000000000e+06	2.28035558523050e+01	-1.57681015701630e+02
7.57758000000000e+06	2.27826465017839e+01	-1.57688477613748e+02
7.58759000000000e+06	2.27617653277774e+01	-1.57695919970357e+02
7.59760000000000e+06	2.27409122530901e+01	-1.57703342869156e+02
7.60761000000000e+06	2.27200872008298e+01	-1.57710746407135e+02
7.61762000000000e+06	2.26992900944079e+01	-1.57718130680660e+02
7.62763000000000e+06	2.26785208575340e+01	-1.57725495785438e+02
7.63764000000000e+06	2.26577794142177e+01	-1.57732841816487e+02
7.64765000000000e+06	2.26370656887651e+01	-1.57740168868255e+02
7.65766000000000e+06	2.26163796057772e+01	-1.57747477034477e+02
7.66767000000000e+06	2.25957210901530e+01	-1.57754766408279e+02
7.67768000000000e+06	2.25750900670798e+01	-1.57762037082194e+02
7.68769000000000e+06	2.25544864620409e+01	-1.57769289148033e+02
7.69770000000000e+06	2.25339102008061e+01	-1.57776522697087e+02
7.70771000000000e+06	2.25133612094347e+01	-1.57783737819978e+02
7.71772000000000e+06	2.24928394142779e+01	-1.57790934606707e+02
7.72773000000000e+06	2.24723447419642e+01	-1.57798113146718e+02
7.73774000000000e+06	2.24518771194150e+01	-1.57805273528784e+02
7.74775000000000e+06	2.24314364738296e+01	-1.57812415841114e+02
7.75776000000000e+06	2.24110227326923e+01	-1.57819540171310e+02
7.76777000000000e+06	2.23906358237662e+01	-1.57826646606424e+02
7.77778000000000e+06	2.23702756750929e+01	-1.57833735232843e+02
7.78779000000000e+06	2.23499422149946e+01	-1.57840806136451e+02
7.79780000000000e+06	2.23296353720674e+01	-1.57847859402483e+02
7.80781000000000e+06	2.23093550751833e+01	-1.57854895115678e+02
7.81782000000000e+06	2.22891012534890e+01	-1.57861913360114e+02
7.82783000000000e+06	2.22688738364016e+01	-1.57868914219395e+02
7.83784000000000e+06	2.22486727536120e+01	-1.57875897776488e+02
7.84785000000000e+06	2.22284979350796e+01	-1.57882864113836e+02
7.85786000000000e+06	2.22083493110321e+01	-1.57889813313329e+02
7.86787000000000e+06	2.21882268119645e+01	-1.57896745456323e+02
7.87788000000000e+06	2.21681303686405e+01	-1.57903660623579e+02
7.88789000000000e+06	2.21480599120848e+01	-1.57910558895352e+02
7.89790000000000e+06	2.21280153735878e+01	-1.57917440351379e+02
7.90791000000000e+06	2.21079966847022e+01	-1.57924305070809e+02
7.91792000000000e+06	2.20880037772430e+01	-1.57931153132284e+02
7.92793000000000e+06	2.20680365832793e+01	-1.57937984613944e+02
7.93794000000000e+06	2.20480950351470e+01	-1.57944799593385e+02
7.94795000000000e+06	2.20281790654336e+01	-1.57951598147670e+02
7.95796000000000e+06	2.20082886069841e+01	-1.57958380353377e+02
7.96797000000000e+06	2.19884235929000e+01	-1.57965146286565e+02
7.97798000000000e+06	2.19685839565334e+01	-1.57971896022751e+02
7.98799000000000e+06	2.19487696314931e+01	-1.57978629636996e+02
7.99800000000000e+06	2.19289805516356e+01	-1.57985347203847e+02
8.00801000000000e+06	2.19092166510692e+01	-1.57992048797335e+02
8.01802000000000e+06	2.18894778641521e+01	-1.57998734491016e+02
8.02803000000000e+06	2.18697641254881e+01	-1.58005404357942e+02
8.03804000000000e+06	2.18500753699296e+01	-1.58012058470685e+02
8.04805000000000e+06	2.18304115325726e+01	-1.58018696901371e+02
8.05806000000000e+06	2.18107725487597e+01	-1.58025319721570e+02
8.06807000000000e+06	2.17911583540741e+01	-1.58031927002438e+02
8.07808000000000e+06	2.17715688843448e+01	-1.58038518814649e+02
8.08809000000000e+06	2.17520040756373e+01	-1.58045095228377e+02
8.09810000000000e+06	2.17324638642612e+01	-1.58051656313373e+02
8.10811000000000e+06	2.17129481867611e+01	-1.58058202138883e+02
8.11812000000000e+06	2.16934569799208e+01	-1.58064732773736e+02
8.12813000000000e+06	2.16739901807615e+01	-1.58071248286273e+02
8.13814000000000e+06	2.16545477265379e+01	-1.58077748744402e+02
8.14815000000000e+06	2.16351295547418e+01	-1.58084234215555e+02
8.15816000000000e+06	2.16157356030946e+01	-1.58090704766777e+02
8.16817000000000e+06	2.15963658095516e+01	-1.58097160464604e+02
8.17818000000000e+06	2.15770201122990e+01	-1.58103601375170e+02
8.18819000000000e+06	2.15576984497548e+01	-1.58110027564136e+02
8.19820000000000e+06	2.15384007605627e+01	-1.58116439096798e+02
8.20821000000000e+06	2.15191269835967e+01	-1.58122836037952e+02
8.21822000000000e+06	2.14998770579542e+01	-1.58129218452001e+02
8.22823000000000e+06	2.14806509229639e+01	-1.58135586402917e+02
8.23824000000000e+06	2.14614485181741e+01	-1.58141939954250e+02
8.24825000000000e+06	2.14422697833599e+01	-1.58148279169145e+02
8.25826000000000e+06	2.14231146585173e+01	-1.58154604110302e+02
8.26827000000000e+06	2.14039830838635e+01	-1.58160914840036e+02
8.27828000000000e+06	2.13848749998394e+01	-1.58167211420251e+02
8.28829000000000e+06	2.13657903471016e+01	-1.58173493912434e+02
8.29830000000000e+06	2.13467290665283e+01	-1.58179762377661e+02
8.30831000000000e+06	2.13276910992136e+01	-1.58186016876632e+02
8.31832000000000e+06	2.13086763864680e+01	-1.58192257469636e+02
8.32833000000000e+06	2.12896848698196e+01	-1.58198484216561e+02
8.33834000000000e+06	2.12707164910083e+01	-1.58204697176923e+02
8.34835000000000e+06	2.12517711919899e+01	-1.58210896409812e+02
8.35836000000000e+06	2.12328489149308e+01	-1.58217081973994e+02
8.36837000000000e+06	2.12139496022103e+01	-1.58223253927773e+02
8.37838000000000e+06	2.11950731964207e+01	-1.58229412329127e+02
8.38839000000000e+06	2.11762196403599e+01	-1.58235557235648e+02
8.39840000000000e+06	2.11573888770353e+01	-1.58241688704548e+02
8.40841000000000e+06	2.11385808496658e+01	-1.58247806792634e+02
8.41842000000000e+06	2.11197955016733e+01	-1.58253911556391e+02
8.42843000000000e+06	2.11010327766861e+01	-1.58260003051956e+02
8.43844000000000e+06	2.10822926185397e+01	-1.58266081334998e+02
8.44845000000000e+06	2.10635749712713e+01	-1.58272146460912e+02
8.45846000000000e+06	2.10448797791239e+01	-1.58278198484729e+02
8.46847000000000e+06	2.10262069865400e+01	-1.58284237461087e+02
8.47848000000000e+06	2.10075565381657e+01	-1.58290263444296e+02
8.48849000000000e+06	2.09889283788448e+01	-1.58296276488280e+02
8.49850000000000e+06	2.09703224536238e+01	-1.58302276646663e+02
8.50851000000000e+06	2.09517387077462e+01	-1.58308263972684e+02
8.51852000000000e+06	2.09331770866528e+01	-1.58314238519248e+02
8.52853000000000e+06	2.09146375359830e+01	-1.58320200338934e+02
8.53854000000000e+06	2.08961200015698e+01	-1.58326149483933e+02
8.54855000000000e+06	2.08776244294424e+01	-1.58332086006162e+02
8.55856000000000e+06	2.08591507658247e+01	-1.58338009957159e+02
8.56857000000000e+06	2.08406989571343e+01	-1.58343921388162e+02
8.57858000000000e+06	2.08222689499796e+01	-1.58349820350022e+02
8.58859000000000e+06	2.08038606911606e+01	-1.58355706893340e+02
8.59860000000000e+06	2.07854741276712e+01	-1.58361581068326e+02
8.60861000000000e+06	2.07671092066895e+01	-1.58367442924904e+02
8.61862000000000e+06	2.07487658755893e+01	-1.58373292512659e+02
8.62863000000000e+06	2.07304440819275e+01	-1.58379129880855e+02
8.63864000000000e+06	2.07121437734505e+01	-1.58384955078476e+02
8.64865000000000e+06	2.06938648980914e+01	-1.58390768154117e+02
8.65866000000000e+06	2.06756074039683e+01	-1.58396569156156e+02
8.66867000000000e+06	2.06573712393840e+01	-1.58402358132584e+02
8.67868000000000e+06	2.06391563528248e+01	-1.58408135131105e+02
8.68869000000000e+06	2.06209626929619e+01	-1.58413900199164e+02
8.69870000000000e+06	2.06027902086490e+01	-1.58419653383815e+02
8.70871000000000e+06	2.05846388489194e+01	-1.58425394731892e+02
8.71872000000000e+06	2.05665085629886e+01	-1.58431124289881e+02
8.72873000000000e+06	2.05483993002515e+01	-1.58436842103998e+02
8.73874000000000e+06	2.05303110102823e+01	-1.58442548220163e+02
8.74875000000000e+06	2.05122436428358e+01	-1.58448242683955e+02
8.75876000000000e+06	2.04941971478394e+01	-1.58453925540744e+02
8.76877000000000e+06	2.04761714754010e+01	-1.58459596835556e+02
8.77878000000000e+06	2.04581665758049e+01	-1.58465256613137e+02
8.78879000000000e+06	2.04401823995094e+01	-1.58470904917966e+02
8.79880000000000e+06	2.04222188971467e+01	-1.58476541794201e+02
8.80881000000000e+06	2.04042760195244e+01	-1.58482167285774e+02
8.81882000000000e+06	2.03863537176227e+01	-1.58487781436296e+02
8.82883000000000e+06	2.03684519425921e+01	-1.58493384289131e+02
8.83884000000000e+06	2.03505706457563e+01	-1.58498975887323e+02
8.84885000000000e+06	2.03327097786102e+01	-1.58504556273722e+02
8.85886000000000e+06	2.03148692928168e+01	-1.58510125490816e+02
8.86887000000000e+06	2.02970491402107e+01	-1.58515683580882e+02
8.87888000000000e+06	2.02792492727919e+01	-1.58521230585918e+02
8.88889000000000e+06	2.02614696427309e+01	-1.58526766547636e+02
8.89890000000000e+06	2.02437102023634e+01	-1.58532291507542e+02
8.90891000000000e+06	2.02259709041929e+01	-1.58537805506799e+02
8.91892000000000e+06	2.02082517008867e+01	-1.58543308586368e+02
8.92893000000000e+06	2.01905525452798e+01	-1.58548800786932e+02
8.93894000000000e+06	2.01728733903659e+01	-1.58554282148956e+02
8.94895000000000e+06	2.01552141893086e+01	-1.58559752712565e+02
8.95896000000000e+06	2.01375748954293e+01	-1.58565212517722e+02
8.96897000000000e+06	2.01199554622135e+01	-1.58570661604074e+02
8.97898000000000e+06	2.01023558433082e+01	-1.58576100011059e+02
8.98899000000000e+06	2.00847759925197e+01	-1.58581527777883e+02
8.99900000000000e+06	2.00672158638153e+01	-1.58586944943438e+02
9.00901000000000e+06	2.00496754113211e+01	-1.58592351546433e+02
9.01902000000000e+06	2.00321545893201e+01	-1.58597747625319e+02
9.02903000000000e+06	2.00146533522562e+01	-1.58603133218305e+02
9.03904000000000e+06	1.99971716547279e+01	-1.58608508363322e+02
9.04905000000000e+06	1.99797094514920e+01	-1.58613873098163e+02
9.05906000000000e+06	1.99622666974596e+01	-1.58619227460272e+02
9.06907000000000e+06	1.99448433476965e+01	-1.58624571486944e+02
9.07908000000000e+06	1.99274393574242e+01	-1.58629905215213e+02
9.08909000000000e+06	1.99100546820181e+01	-1.58635228681868e+02
9.09910000000000e+06	1.98926892770048e+01	-1.58640541923469e+02
9.10911000000000e+06	1.98753430980669e+01	-1.58645844976391e+02
9.11912000000000e+06	1.98580161010340e+01	-1.58651137876737e+02
9.12913000000000e+06	1.98407082418912e+01	-1.58656420660410e+02
9.13914000000000e+06	1.98234194767709e+01	-1.58661693363066e+02
9.14915000000000e+06	1.98061497619570e+01	-1.58666956020183e+02
9.15916000000000e+06	1.97888990538829e+01	-1.58672208666984e+02
9.16917000000000e+06	1.97716673091293e+01	-1.58677451338484e+02
9.17918000000000e+06	1.97544544844254e+01	-1.58682684069484e+02
9.18919000000000e+06	1.97372605366482e+01	-1.58687906894580e+02
9.19920000000000e+06	1.97200854228197e+01	-1.58693119848132e+02
9.20921000000000e+06	1.97029291001090e+01	-1.58698322964304e+02
9.21922000000000e+06	1.96857915258323e+01	-1.58703516277044e+02
9.22923000000000e+06	1.96686726574466e+01	-1.58708699820103e+02
9.23924000000000e+06	1.96515724525570e+01	-1.58713873627026e+02
9.24925000000000e+06	1.96344908689103e+01	-1.58719037731111e+02
9.25926000000000e+06	1.96174278643969e+01	-1.58724192165506e+02
9.26927000000000e+06	1.96003833970477e+01	-1.58729336963121e+02
9.27928000000000e+06	1.95833574250369e+01	-1.58734472156683e+02
9.28929000000000e+06	1.95663499066815e+01	-1.58739597778720e+02
9.29930000000000e+06	1.95493608004352e+01	-1.58744713861538e+02
9.30931000000000e+06	1.95323900648943e+01	-1.58749820437287e+02
9.31932000000000e+06	1.95154376587935e+01	-1.58754917537863e+02
9.32933000000000e+06	1.94985035410066e+01	-1.58760005195013e+02
9.33934000000000e+06	1.94815876705453e+01	-1.58765083440296e+02
9.34935000000000e+06	1.94646900065597e+01	-1.58770152305042e+02
9.35936000000000e+06	1.94478105083359e+01	-1.58775211820413e+02
9.36937000000000e+06	1.94309491352956e+01	-1.58780262017389e+02
9.37938000000000e+06	1.94141058469991e+01	-1.58785302926718e+02
9.38939000000000e+06	1.93972806031394e+01	-1.58790334579059e+02
9.39940000000000e+06	1.93804733635449e+01	-1.58795357004762e+02
9.40941000000000e+06	1.93636840881794e+01	-1.58800370234076e+02
9.41942000000000e+06	1.93469127371390e+01	-1.58805374297051e+02
9.42943000000000e+06	1.93301592706518e+01	-1.58810369223536e+02
9.43944000000000e+06	1.93134236490815e+01	-1.58815355043230e+02
9.44945000000000e+06	1.92967058329201e+01	-1.58820331785629e+02
9.45946000000000e+06	1.92800057827938e+01	-1.58825299480046e+02
9.46947000000000e+06	1.92633234594575e+01	-1.58830258155646e+02
9.47948000000000e+06	1.92466588237984e+01	-1.58835207841395e+02
9.48949000000000e+06	1.92300118368306e+01	-1.58840148566106e+02
9.49950000000000e+06	1.92133824597006e+01	-1.58845080358391e+02
9.50951000000000e+06	1.91967706536818e+01	-1.58850003246725e+02
9.51952000000000e+06	1.91801763801744e+01	-1.58854917259384e+02
9.52953000000000e+06	1.91635996007088e+01	-1.58859822424479e+02
9.53954000000000e+06	1.91470402769415e+01	-1.58864718769969e+02
9.54955000000000e+06	1.91304983706538e+01	-1.58869606323631e+02
9.55956000000000e+06	1.91139738437553e+01	-1.58874485113089e+02
9.56957000000000e+06	1.90974666582804e+01	-1.58879355165789e+02
9.57958000000000e+06	1.90809767763865e+01	-1.58884216509012e+02
9.58959000000000e+06	1.90645041603584e+01	-1.58889069169916e+02
9.59960000000000e+06	1.90480487726032e+01	-1.58893913175446e+02
9.60961000000000e+06	1.90316105756515e+01	-1.58898748552401e+02
9.61962000000000e+06	1.90151895321559e+01	-1.58903575327448e+02
9.62963000000000e+06	1.89987856048919e+01	-1.58908393527055e+02
9.63964000000000e+06	1.89823987567591e+01	-1.58913203177561e+02
9.64965000000000e+06	1.89660289507746e+01	-1.58918004305168e+02
9.65966000000000e+06	1.89496761500794e+01	-1.58922796935876e+02
9.66967000000000e+06	1.89333403179331e+01	-1.58927581095566e+02
9.67968000000000e+06	1.89170214177150e+01	-1.58932356809942e+02
9.68969000000000e+06	1.89007194129262e+01	-1.58937124104583e+02
9.69970000000000e+06	1.88844342671824e+01	-1.58941883004919e+02
9.70971000000000e+06	1.88681659442223e+01	-1.58946633536183e+02
9.71972000000000e+06	1.88519144078994e+01	-1.58951375723534e+02
9.72973000000000e+06	1.88356796221853e+01	-1.58956109591906e+02
9.73974000000000e+06	1.88194615511695e+01	-1.58960835166154e+02
9.74975000000000e+06	1.88032601590557e+01	-1.58965552470951e+02
9.75976000000000e+06	1.87870754101664e+01	-1.58970261530829e+02
9.76977000000000e+06	1.87709072689377e+01	-1.58974962370198e+02
9.77978000000000e+06	1.87547556999200e+01	-1.58979655013289e+02
9.78979000000000e+06	1.87386206677813e+01	-1.58984339484243e+02
9.79980000000000e+06	1.87225021372999e+01	-1.58989015807002e+02
9.80981000000000e+06	1.87064000733709e+01	-1.58993684005409e+02
9.81982000000000e+06	1.86903144410009e+01	-1.58998344103166e+02
9.82983000000000e+06	1.86742452053084e+01	-1.59002996123828e+02
9.83984000000000e+06	1.86581923315263e+01	-1.59007640090821e+02
9.84985000000000e+06	1.86421557849973e+01	-1.59012276027425e+02
9.85986000000000e+06	1.86261355311762e+01	-1.59016903956793e+02
9.86987000000000e+06	1.86101315356289e+01	-1.59021523901945e+02
9.87988000000000e+06	1.85941437640320e+01	-1.59026135885752e+02
9.88989000000000e+06	1.85781721821709e+01	-1.59030739930993e+02
9.89990000000000e+06	1.85622167559406e+01	-1.59035336060295e+02
9.90991000000000e+06	1.85462774513456e+01	-1.59039924296130e+02
9.91992000000000e+06	1.85303542345001e+01	-1.59044504660871e+02
9.92993000000000e+06	1.85144470716243e+01	-1.59049077176758e+02
9.93994000000000e+06	1.84985559290472e+01	-1.59053641865906e+02
9.94995000000000e+06	1.84826807732060e+01	-1.59058198750299e+02
9.95996000000000e+06	1.84668215706429e+01	-1.59062747851799e+02
9.96997000000000e+06	1.84509782880072e+01	-1.59067289192134e+02
9.97998000000000e+06	1.84351508920560e+01	-1.59071822792921e+02
9.98999000000000e+06	1.84193393496490e+01	-1.59076348675654e+02
1.00000000000000e+07	1.84035436277531e+01	-1.59080866861681e+02
