Freq.	Vn001)
1.00000000000000e+01	7.60296995973723e+00	-4.33920397997038e-04
1.00200000000000e+04	7.60287097527595e+00	-4.34786623337037e-01
2.00300000000000e+04	7.60257454114046e+00	-8.69130062005765e-01
3.00400000000000e+04	7.60208087942237e+00	-1.30345634278127e+00
4.00500000000000e+04	7.60139010017978e+00	-1.73775850956196e+00
5.00600000000000e+04	7.60050218242425e+00	-2.17202946745857e+00
6.00700000000000e+04	7.59941706295155e+00	-2.60626154341971e+00
7.00800000000000e+04	7.59813470408337e+00	-3.04044660940287e+00
8.00900000000000e+04	7.59665511503241e+00	-3.47457632886218e+00
9.01000000000000e+04	7.59497834812922e+00	-3.90864232736004e+00
1.00110000000000e+05	7.59310448844698e+00	-4.34263627254593e+00
1.10120000000000e+05	7.59103364466621e+00	-4.77654989864615e+00
1.20130000000000e+05	7.58876594289588e+00	-5.21037500564653e+00
1.30140000000000e+05	7.58630152299635e+00	-5.64410344997117e+00
1.40150000000000e+05	7.58364053658885e+00	-6.07772713413589e+00
1.50160000000000e+05	7.58078314607035e+00	-6.51123799804800e+00
1.60170000000000e+05	7.57772952418375e+00	-6.94462801250147e+00
1.70180000000000e+05	7.57447985387843e+00	-7.37788917465346e+00
1.80190000000000e+05	7.57103432831963e+00	-7.81101350505662e+00
1.90200000000000e+05	7.56739315094412e+00	-8.24399304583932e+00
2.00210000000000e+05	7.56355653554118e+00	-8.67681985971329e+00
2.10220000000000e+05	7.55952470633139e+00	-9.10948602955812e+00
2.20230000000000e+05	7.55529789802338e+00	-9.54198365840052e+00
2.30240000000000e+05	7.55087635586438e+00	-9.97430486967864e+00
2.40250000000000e+05	7.54626033567326e+00	-1.04064418076889e+01
2.50260000000000e+05	7.54145010385109e+00	-1.08383866381677e+01
2.60270000000000e+05	7.53644593739246e+00	-1.12701315489567e+01
2.70280000000000e+05	7.53124812387085e+00	-1.17016687507306e+01
2.80290000000000e+05	7.52585696142823e+00	-1.21329904777599e+01
2.90300000000000e+05	7.52027275874499e+00	-1.25640889887028e+01
3.00310000000000e+05	7.51449583500796e+00	-1.29949565674097e+01
3.10320000000000e+05	7.50852651987613e+00	-1.34255855237340e+01
3.20330000000000e+05	7.50236515342970e+00	-1.38559681943527e+01
3.30340000000000e+05	7.49601208612849e+00	-1.42860969435762e+01
3.40350000000000e+05	7.48946767875532e+00	-1.47159641641657e+01
3.50360000000000e+05	7.48273230235997e+00	-1.51455622781445e+01
3.60370000000000e+05	7.47580633820165e+00	-1.55748837375922e+01
3.70380000000000e+05	7.46869017768286e+00	-1.60039210254482e+01
3.80390000000000e+05	7.46138422228793e+00	-1.64326666562993e+01
3.90400000000000e+05	7.45388888351212e+00	-1.68611131771562e+01
4.00410000000000e+05	7.44620458279447e+00	-1.72892531682299e+01
4.10420000000000e+05	7.43833175143971e+00	-1.77170792436919e+01
4.20430000000000e+05	7.43027083055039e+00	-1.81445840524284e+01
4.30440000000000e+05	7.42202227094453e+00	-1.85717602787882e+01
4.40450000000000e+05	7.41358653308132e+00	-1.89986006433130e+01
4.50460000000000e+05	7.40496408697803e+00	-1.94250979034653e+01
4.60470000000000e+05	7.39615541212753e+00	-1.98512448543448e+01
4.70480000000000e+05	7.38716099741813e+00	-2.02770343293920e+01
4.80490000000000e+05	7.37798134104381e+00	-2.07024592010826e+01
4.90500000000000e+05	7.36861695042001e+00	-2.11275123816184e+01
5.00510000000000e+05	7.35906834209505e+00	-2.15521868235945e+01
5.10520000000000e+05	7.34933604165754e+00	-2.19764755206675e+01
5.20530000000000e+05	7.33942058364881e+00	-2.24003715082083e+01
5.30540000000000e+05	7.32932251146766e+00	-2.28238678639466e+01
5.40550000000000e+05	7.31904237727680e+00	-2.32469577085971e+01
5.50560000000000e+05	7.30858074190809e+00	-2.36696342064897e+01
5.60570000000000e+05	7.29793817476537e+00	-2.40918905661686e+01
5.70580000000000e+05	7.28711525372805e+00	-2.45137200410016e+01
5.80590000000000e+05	7.27611256504981e+00	-2.49351159297606e+01
5.90600000000000e+05	7.26493070326064e+00	-2.53560715771998e+01
6.00610000000000e+05	7.25357027106545e+00	-2.57765803746225e+01
6.10620000000000e+05	7.24203187923959e+00	-2.61966357604325e+01
6.20630000000000e+05	7.23031614652932e+00	-2.66162312206734e+01
6.30640000000000e+05	7.21842369954407e+00	-2.70353602895677e+01
6.40650000000000e+05	7.20635517265526e+00	-2.74540165500224e+01
6.50660000000000e+05	7.19411120788539e+00	-2.78721936341456e+01
6.60670000000000e+05	7.18169245480572e+00	-2.82898852237404e+01
6.70680000000000e+05	7.16909957042619e+00	-2.87070850507819e+01
6.80690000000000e+05	7.15633321908610e+00	-2.91237868978944e+01
6.90700000000000e+05	7.14339407234656e+00	-2.95399845988072e+01
7.00710000000000e+05	7.13028280888055e+00	-2.99556720388046e+01
7.10720000000000e+05	7.11700011436056e+00	-3.03708431551551e+01
7.20730000000000e+05	7.10354668134872e+00	-3.07854919375400e+01
7.30740000000000e+05	7.08992320918396e+00	-3.11996124284600e+01
7.40750000000000e+05	7.07613040386929e+00	-3.16131987236390e+01
7.50760000000000e+05	7.06216897795937e+00	-3.20262449724031e+01
7.60770000000000e+05	7.04803965044590e+00	-3.24387453780582e+01
7.70780000000000e+05	7.03374314664416e+00	-3.28506941982566e+01
7.80790000000000e+05	7.01928019807943e+00	-3.32620857453325e+01
7.90800000000000e+05	7.00465154236889e+00	-3.36729143866599e+01
8.00810000000000e+05	6.98985792310969e+00	-3.40831745449563e+01
8.10820000000000e+05	6.97490008976046e+00	-3.44928606986113e+01
8.20830000000000e+05	6.95977879752637e+00	-3.49019673819773e+01
8.30840000000000e+05	6.94449480724314e+00	-3.53104891856661e+01
8.40850000000000e+05	6.92904888525991e+00	-3.57184207568165e+01
8.50860000000000e+05	6.91344180332375e+00	-3.61257567993630e+01
8.60870000000000e+05	6.89767433845872e+00	-3.65324920742859e+01
8.70880000000000e+05	6.88174727285431e+00	-3.69386213998537e+01
8.80890000000000e+05	6.86566139374372e+00	-3.73441396518459e+01
8.90900000000000e+05	6.84941749328777e+00	-3.77490417637690e+01
9.00910000000000e+05	6.83301636845924e+00	-3.81533227270689e+01
9.10920000000000e+05	6.81645882092350e+00	-3.85569775913082e+01
9.20930000000000e+05	6.79974565692195e+00	-3.89600014643488e+01
9.30940000000000e+05	6.78287768715375e+00	-3.93623895125300e+01
9.40950000000000e+05	6.76585572665928e+00	-3.97641369608155e+01
9.50960000000000e+05	6.74868059470335e+00	-4.01652390929307e+01
9.60970000000000e+05	6.73135311465736e+00	-4.05656912515128e+01
9.70980000000000e+05	6.71387411388298e+00	-4.09654888382132e+01
9.80990000000000e+05	6.69624442361558e+00	-4.13646273138160e+01
9.91000000000000e+05	6.67846487884687e+00	-4.17631021983348e+01
1.00101000000000e+06	6.66053631820807e+00	-4.21609090710943e+01
1.01102000000000e+06	6.64245958385808e+00	-4.25580435708113e+01
1.02103000000000e+06	6.62423552136220e+00	-4.29545013956497e+01
1.03104000000000e+06	6.60586497958101e+00	-4.33502783032821e+01
1.04105000000000e+06	6.58734881055503e+00	-4.37453701109203e+01
1.05106000000000e+06	6.56868786938677e+00	-4.41397726953568e+01
1.06107000000000e+06	6.54988301413110e+00	-4.45334819929773e+01
1.07108000000000e+06	6.53093510567868e+00	-4.49264939997677e+01
1.08109000000000e+06	6.51184500764415e+00	-4.53188047713119e+01
1.09110000000000e+06	6.49261358625304e+00	-4.57104104227863e+01
1.10111000000000e+06	6.47324171022885e+00	-4.61013071289305e+01
1.11112000000000e+06	6.45373025068373e+00	-4.64914911240090e+01
1.12113000000000e+06	6.43408008100426e+00	-4.68809587017808e+01
1.13114000000000e+06	6.41429207674391e+00	-4.72697062154292e+01
1.14115000000000e+06	6.39436711551066e+00	-4.76577300775097e+01
1.15116000000000e+06	6.37430607686010e+00	-4.80450267598675e+01
1.16117000000000e+06	6.35410984218524e+00	-4.84315927935647e+01
1.17118000000000e+06	6.33377929460851e+00	-4.88174247687740e+01
1.18119000000000e+06	6.31331531887815e+00	-4.92025193346825e+01
1.19120000000000e+06	6.29271880125538e+00	-4.95868731993835e+01
1.20121000000000e+06	6.27199062941425e+00	-4.99704831297375e+01
1.21122000000000e+06	6.25113169233454e+00	-5.03533459512676e+01
1.22123000000000e+06	6.23014288019771e+00	-5.07354585479969e+01
1.23124000000000e+06	6.20902508428148e+00	-5.11168178623127e+01
1.24125000000000e+06	6.18777919686257e+00	-5.14974208948006e+01
1.25126000000000e+06	6.16640611111126e+00	-5.18772647040880e+01
1.26127000000000e+06	6.14490672098958e+00	-5.22563464066597e+01
1.27128000000000e+06	6.12328192115297e+00	-5.26346631766841e+01
1.28129000000000e+06	6.10153260685281e+00	-5.30122122458156e+01
1.29130000000000e+06	6.07965967383447e+00	-5.33889909029960e+01
1.30131000000000e+06	6.05766401824253e+00	-5.37649964942562e+01
1.31132000000000e+06	6.03554653652440e+00	-5.41402264224914e+01
1.32133000000000e+06	6.01330812533456e+00	-5.45146781472408e+01
1.33134000000000e+06	5.99094968143687e+00	-5.48883491844617e+01
1.34135000000000e+06	5.96847210161873e+00	-5.52612371062948e+01
1.35136000000000e+06	5.94587628259070e+00	-5.56333395408100e+01
1.36137000000000e+06	5.92316312089893e+00	-5.60046541717657e+01
1.37138000000000e+06	5.90033351283377e+00	-5.63751787383455e+01
1.38139000000000e+06	5.87738835434006e+00	-5.67449110348944e+01
1.39140000000000e+06	5.85432854092898e+00	-5.71138489106506e+01
1.40141000000000e+06	5.83115496759109e+00	-5.74819902694635e+01
1.41142000000000e+06	5.80786852870821e+00	-5.78493330695119e+01
1.42143000000000e+06	5.78447011796977e+00	-5.82158753230166e+01
1.43144000000000e+06	5.76096062828733e+00	-5.85816150959393e+01
1.44145000000000e+06	5.73734095171208e+00	-5.89465505076914e+01
1.45146000000000e+06	5.71361197935294e+00	-5.93106797308055e+01
1.46147000000000e+06	5.68977460129327e+00	-5.96740009906490e+01
1.47148000000000e+06	5.66582970651429e+00	-6.00365125650900e+01
1.48149000000000e+06	5.64177818281430e+00	-6.03982127841747e+01
1.49150000000000e+06	5.61762091672884e+00	-6.07591000298043e+01
1.50151000000000e+06	5.59335879345934e+00	-6.11191727353959e+01
1.51152000000000e+06	5.56899269679005e+00	-6.14784293855583e+01
1.52153000000000e+06	5.54452350902143e+00	-6.18368685157233e+01
1.53154000000000e+06	5.51995211089176e+00	-6.21944887118280e+01
1.54155000000000e+06	5.49527938150425e+00	-6.25512886099445e+01
1.55156000000000e+06	5.47050619826256e+00	-6.29072668959246e+01
1.56157000000000e+06	5.44563343679097e+00	-6.32624223050536e+01
1.57158000000000e+06	5.42066197087267e+00	-6.36167536216744e+01
1.58159000000000e+06	5.39559267238086e+00	-6.39702596788243e+01
1.59160000000000e+06	5.37042641120892e+00	-6.43229393578663e+01
1.60161000000000e+06	5.34516405520892e+00	-6.46747915881120e+01
1.61162000000000e+06	5.31980647012364e+00	-6.50258153464417e+01
1.62163000000000e+06	5.29435451952690e+00	-6.53760096569322e+01
1.63164000000000e+06	5.26880906475818e+00	-6.57253735904648e+01
1.64165000000000e+06	5.24317096486334e+00	-6.60739062643422e+01
1.65166000000000e+06	5.21744107653485e+00	-6.64216068418977e+01
1.66167000000000e+06	5.19162025405245e+00	-6.67684745321093e+01
1.67168000000000e+06	5.16570934922471e+00	-6.71145085891888e+01
1.68169000000000e+06	5.13970921133471e+00	-6.74597083122093e+01
1.69170000000000e+06	5.11362068708077e+00	-6.78040730446826e+01
1.70171000000000e+06	5.08744462052911e+00	-6.81476021741727e+01
1.71172000000000e+06	5.06118185305273e+00	-6.84902951318814e+01
1.72173000000000e+06	5.03483322328452e+00	-6.88321513922644e+01
1.73174000000000e+06	5.00839956706311e+00	-6.91731704725930e+01
1.74175000000000e+06	4.98188171738570e+00	-6.95133519325736e+01
1.75176000000000e+06	4.95528050435901e+00	-6.98526953739214e+01
1.76177000000000e+06	4.92859675514939e+00	-7.01912004399559e+01
1.77178000000000e+06	4.90183129393642e+00	-7.05288668151867e+01
1.78179000000000e+06	4.87498494187181e+00	-7.08656942248999e+01
1.79180000000000e+06	4.84805851702737e+00	-7.12016824347440e+01
1.80181000000000e+06	4.82105283436006e+00	-7.15368312503115e+01
1.81182000000000e+06	4.79396870566250e+00	-7.18711405167280e+01
1.82183000000000e+06	4.76680693952455e+00	-7.22046101182324e+01
1.83184000000000e+06	4.73956834129739e+00	-7.25372399777489e+01
1.84185000000000e+06	4.71225371304340e+00	-7.28690300564952e+01
1.85186000000000e+06	4.68486385351051e+00	-7.31999803535327e+01
1.86187000000000e+06	4.65739955808589e+00	-7.35300909053727e+01
1.87188000000000e+06	4.62986161876545e+00	-7.38593617855389e+01
1.88189000000000e+06	4.60225082411313e+00	-7.41877931041667e+01
1.89190000000000e+06	4.57456795923433e+00	-7.45153850075646e+01
1.90191000000000e+06	4.54681380573623e+00	-7.48421376778094e+01
1.91192000000000e+06	4.51898914169835e+00	-7.51680513323292e+01
1.92193000000000e+06	4.49109474164229e+00	-7.54931262234652e+01
1.93194000000000e+06	4.46313137649733e+00	-7.58173626380854e+01
1.94195000000000e+06	4.43509981357826e+00	-7.61407608971361e+01
1.95196000000000e+06	4.40700081655099e+00	-7.64633213552477e+01
1.96197000000000e+06	4.37883514540838e+00	-7.67850444003033e+01
1.97198000000000e+06	4.35060355644186e+00	-7.71059304530346e+01
1.98199000000000e+06	4.32230680221767e+00	-7.74259799666003e+01
1.99200000000000e+06	4.29394563155122e+00	-7.77451934261761e+01
2.00201000000000e+06	4.26552078948440e+00	-7.80635713485411e+01
2.01202000000000e+06	4.23703301726271e+00	-7.83811142816667e+01
2.02203000000000e+06	4.20848305231264e+00	-7.86978228043008e+01
2.03204000000000e+06	4.17987162822101e+00	-7.90136975255711e+01
2.04205000000000e+06	4.15119947471590e+00	-7.93287390845637e+01
2.05206000000000e+06	4.12246731764453e+00	-7.96429481499240e+01
2.06207000000000e+06	4.09367587895901e+00	-7.99563254194497e+01
2.07208000000000e+06	4.06482587669469e+00	-8.02688716196923e+01
2.08209000000000e+06	4.03591802495641e+00	-8.05805875055413e+01
2.09210000000000e+06	4.00695303390425e+00	-8.08914738598381e+01
2.10211000000000e+06	3.97793160972889e+00	-8.12015314929754e+01
2.11212000000000e+06	3.94885445465170e+00	-8.15107612424868e+01
2.12213000000000e+06	3.91972226689741e+00	-8.18191639726709e+01
2.13214000000000e+06	3.89053574069126e+00	-8.21267405741808e+01
2.14215000000000e+06	3.86129556624303e+00	-8.24334919636499e+01
2.15216000000000e+06	3.83200242973549e+00	-8.27394190832790e+01
2.16217000000000e+06	3.80265701331240e+00	-8.30445229004772e+01
2.17218000000000e+06	3.77325999507494e+00	-8.33488044074512e+01
2.18219000000000e+06	3.74381204906587e+00	-8.36522646208332e+01
2.19220000000000e+06	3.71431384526446e+00	-8.39549045813071e+01
2.20221000000000e+06	3.68476604957903e+00	-8.42567253532096e+01
2.21222000000000e+06	3.65516932383894e+00	-8.45577280241769e+01
2.22223000000000e+06	3.62552432578858e+00	-8.48579137047462e+01
2.23224000000000e+06	3.59583170908161e+00	-8.51572835280072e+01
2.24225000000000e+06	3.56609212327785e+00	-8.54558386492147e+01
2.25226000000000e+06	3.53630621383639e+00	-8.57535802454259e+01
2.26227000000000e+06	3.50647462211255e+00	-8.60505095151391e+01
2.27228000000000e+06	3.47659798535895e+00	-8.63466276779292e+01
2.28229000000000e+06	3.44667693671531e+00	-8.66419359740865e+01
2.29230000000000e+06	3.41671210521354e+00	-8.69364356642558e+01
2.30231000000000e+06	3.38670411577275e+00	-8.72301280290948e+01
2.31232000000000e+06	3.35665358920175e+00	-8.75230143689019e+01
2.32233000000000e+06	3.32656114219474e+00	-8.78150960032852e+01
2.33234000000000e+06	3.29642738733664e+00	-8.81063742708001e+01
2.34235000000000e+06	3.26625293310072e+00	-8.83968505286164e+01
2.35236000000000e+06	3.23603838385248e+00	-8.86865261521711e+01
2.36237000000000e+06	3.20578433985045e+00	-8.89754025348263e+01
2.37238000000000e+06	3.17549139724870e+00	-8.92634810875405e+01
2.38239000000000e+06	3.14516014810060e+00	-8.95507632385333e+01
2.39240000000000e+06	3.11479118036363e+00	-8.98372504329428e+01
2.40241000000000e+06	3.08438507790173e+00	-9.01229441325166e+01
2.41242000000000e+06	3.05394242049166e+00	-9.04078458152739e+01
2.42243000000000e+06	3.02346378382621e+00	-9.06919569751846e+01
2.43244000000000e+06	2.99294973952367e+00	-9.09752791218478e+01
2.44245000000000e+06	2.96240085512703e+00	-9.12578137801890e+01
2.45246000000000e+06	2.93181769411921e+00	-9.15395624901257e+01
2.46247000000000e+06	2.90120081592438e+00	-9.18205268062682e+01
2.47248000000000e+06	2.87055077591475e+00	-9.21007082976117e+01
2.48249000000000e+06	2.83986812542336e+00	-9.23801085472266e+01
2.49250000000000e+06	2.80915341174675e+00	-9.26587291519609e+01
2.50251000000000e+06	2.77840717815896e+00	-9.29365717221339e+01
2.51252000000000e+06	2.74762996391603e+00	-9.32136378812437e+01
2.52253000000000e+06	2.71682230426794e+00	-9.34899292656793e+01
2.53254000000000e+06	2.68598473046720e+00	-9.37654475244168e+01
2.54255000000000e+06	2.65511776978072e+00	-9.40401943187400e+01
2.55256000000000e+06	2.62422194549906e+00	-9.43141713219555e+01
2.56257000000000e+06	2.59329777694607e+00	-9.45873802191090e+01
2.57258000000000e+06	2.56234577949244e+00	-9.48598227067074e+01
2.58259000000000e+06	2.53136646456795e+00	-9.51315004924358e+01
2.59260000000000e+06	2.50036033966898e+00	-9.54024152948993e+01
2.60261000000000e+06	2.46932790837577e+00	-9.56725688433302e+01
2.61262000000000e+06	2.43826967036126e+00	-9.59419628773449e+01
2.62263000000000e+06	2.40718612140511e+00	-9.62105991466628e+01
2.63264000000000e+06	2.37607775340843e+00	-9.64784794108465e+01
2.64265000000000e+06	2.34494505440426e+00	-9.67456054390564e+01
2.65266000000000e+06	2.31378850857172e+00	-9.70119790097708e+01
2.66267000000000e+06	2.28260859625466e+00	-9.72776019105605e+01
2.67268000000000e+06	2.25140579396725e+00	-9.75424759378132e+01
2.68269000000000e+06	2.22018057441529e+00	-9.78066028965045e+01
2.69270000000000e+06	2.18893340650874e+00	-9.80699845999476e+01
2.70271000000000e+06	2.15766475537722e+00	-9.83326228695437e+01
2.71272000000000e+06	2.12637508238293e+00	-9.85945195345601e+01
2.72273000000000e+06	2.09506484513691e+00	-9.88556764318800e+01
2.73274000000000e+06	2.06373449751847e+00	-9.91160954057770e+01
2.74275000000000e+06	2.03238448968467e+00	-9.93757783076797e+01
2.75276000000000e+06	2.00101526809043e+00	-9.96347269959481e+01
2.76277000000000e+06	1.96962727550295e+00	-9.98929433356519e+01
2.77278000000000e+06	1.93822095102126e+00	-1.00150429198338e+02
2.78279000000000e+06	1.90679673008587e+00	-1.00407186461827e+02
2.79280000000000e+06	1.87535504450415e+00	-1.00663217009980e+02
2.80281000000000e+06	1.84389632245926e+00	-1.00918522732502e+02
2.81282000000000e+06	1.81242098853458e+00	-1.01173105524714e+02
2.82283000000000e+06	1.78092946372448e+00	-1.01426967287359e+02
2.83284000000000e+06	1.74942216545377e+00	-1.01680109926393e+02
2.84285000000000e+06	1.71789950759894e+00	-1.01932535352777e+02
2.85286000000000e+06	1.68636190049902e+00	-1.02184245482280e+02
2.86287000000000e+06	1.65480975098073e+00	-1.02435242235284e+02
2.87288000000000e+06	1.62324346236836e+00	-1.02685527536594e+02
2.88289000000000e+06	1.59166343451099e+00	-1.02935103315227e+02
2.89290000000000e+06	1.56007006379056e+00	-1.03183971504246e+02
2.90291000000000e+06	1.52846374314894e+00	-1.03432134040560e+02
2.91292000000000e+06	1.49684486209996e+00	-1.03679592864737e+02
2.92293000000000e+06	1.46521380675403e+00	-1.03926349920833e+02
2.93294000000000e+06	1.43357095982903e+00	-1.04172407156210e+02
2.94295000000000e+06	1.40191670067604e+00	-1.04417766521347e+02
2.95296000000000e+06	1.37025140529257e+00	-1.04662429969685e+02
2.96297000000000e+06	1.33857544634673e+00	-1.04906399457443e+02
2.97298000000000e+06	1.30688919319132e+00	-1.05149676943449e+02
2.98299000000000e+06	1.27519301188366e+00	-1.05392264388980e+02
2.99300000000000e+06	1.24348726520829e+00	-1.05634163757593e+02
3.00301000000000e+06	1.21177231269237e+00	-1.05875377014964e+02
3.01302000000000e+06	1.18004851062504e+00	-1.06115906128727e+02
3.02303000000000e+06	1.14831621207687e+00	-1.06355753068319e+02
3.03304000000000e+06	1.11657576692235e+00	-1.06594919804827e+02
3.04305000000000e+06	1.08482752185236e+00	-1.06833408310831e+02
3.05306000000000e+06	1.05307182040174e+00	-1.07071220560259e+02
3.06307000000000e+06	1.02130900296209e+00	-1.07308358528231e+02
3.07308000000000e+06	9.89539406803485e-01	-1.07544824190928e+02
3.08309000000000e+06	9.57763366094056e-01	-1.07780619525429e+02
3.09310000000000e+06	9.25981211920706e-01	-1.08015746509589e+02
3.10311000000000e+06	8.94193272304461e-01	-1.08250207121888e+02
3.11312000000000e+06	8.62399872224382e-01	-1.08484003341304e+02
3.12313000000000e+06	8.30601333635974e-01	-1.08717137147164e+02
3.13314000000000e+06	7.98797975488249e-01	-1.08949610519026e+02
3.14315000000000e+06	7.66990113745083e-01	-1.09181425436545e+02
3.15316000000000e+06	7.35178061406451e-01	-1.09412583879343e+02
3.16317000000000e+06	7.03362128525444e-01	-1.09643087826878e+02
3.17318000000000e+06	6.71542622227375e-01	-1.09872939258333e+02
3.18319000000000e+06	6.39719846731154e-01	-1.10102140152487e+02
3.19320000000000e+06	6.07894103367373e-01	-1.10330692487592e+02
3.20321000000000e+06	5.76065690597740e-01	-1.10558598241263e+02
3.21322000000000e+06	5.44234904039466e-01	-1.10785859390347e+02
3.22323000000000e+06	5.12402036474853e-01	-1.11012477910840e+02
3.23324000000000e+06	4.80567377880069e-01	-1.11238455777735e+02
3.24325000000000e+06	4.48731215439392e-01	-1.11463794964949e+02
3.25326000000000e+06	4.16893833565817e-01	-1.11688497445186e+02
3.26327000000000e+06	3.85055513921045e-01	-1.11912565189854e+02
3.27328000000000e+06	3.53216535435581e-01	-1.12136000168946e+02
3.28329000000000e+06	3.21377174323539e-01	-1.12358804350942e+02
3.29330000000000e+06	2.89537704109290e-01	-1.12580979702708e+02
3.30331000000000e+06	2.57698395638819e-01	-1.12802528189407e+02
3.31332000000000e+06	2.25859517105496e-01	-1.13023451774377e+02
3.32333000000000e+06	1.94021334066438e-01	-1.13243752419064e+02
3.33334000000000e+06	1.62184109458038e-01	-1.13463432082922e+02
3.34335000000000e+06	1.30348103621531e-01	-1.13682492723301e+02
3.35336000000000e+06	9.85135743188465e-02	-1.13900936295385e+02
3.36337000000000e+06	6.66807767512488e-02	-1.14118764752086e+02
3.37338000000000e+06	3.48499635781804e-02	-1.14335980043964e+02
3.38339000000000e+06	3.02138493753122e-03	-1.14552584119140e+02
3.39340000000000e+06	-2.88047115382440e-02	-1.14768578923214e+02
3.40341000000000e+06	-6.06280806994402e-02	-1.14983966399188e+02
3.41342000000000e+06	-9.24484798636007e-02	-1.15198748487373e+02
3.42343000000000e+06	-1.24265668797552e-01	-1.15412927125326e+02
3.43344000000000e+06	-1.56079409693417e-01	-1.15626504247761e+02
3.44345000000000e+06	-1.87889467158670e-01	-1.15839481786482e+02
3.45346000000000e+06	-2.19695608189301e-01	-1.16051861670303e+02
3.46347000000000e+06	-2.51497602158024e-01	-1.16263645824980e+02
3.47348000000000e+06	-2.83295220790224e-01	-1.16474836173140e+02
3.48349000000000e+06	-3.15088238151470e-01	-1.16685434634209e+02
3.49350000000000e+06	-3.46876430624277e-01	-1.16895443124346e+02
3.50351000000000e+06	-3.78659576895193e-01	-1.17104863556378e+02
3.51352000000000e+06	-4.10437457931140e-01	-1.17313697839725e+02
3.52353000000000e+06	-4.42209856965178e-01	-1.17521947880356e+02
3.53354000000000e+06	-4.73976559478968e-01	-1.17729615580708e+02
3.54355000000000e+06	-5.05737353182271e-01	-1.17936702839635e+02
3.55356000000000e+06	-5.37492027998667e-01	-1.18143211552344e+02
3.56357000000000e+06	-5.69240376042495e-01	-1.18349143610335e+02
3.57358000000000e+06	-6.00982191611059e-01	-1.18554500901360e+02
3.58359000000000e+06	-6.32717271155326e-01	-1.18759285309340e+02
3.59360000000000e+06	-6.64445413270019e-01	-1.18963498714334e+02
3.60361000000000e+06	-6.96166418676559e-01	-1.19167142992476e+02
3.61362000000000e+06	-7.27880090200423e-01	-1.19370220015924e+02
3.62363000000000e+06	-7.59586232761737e-01	-1.19572731652810e+02
3.63364000000000e+06	-7.91284653349966e-01	-1.19774679767188e+02
3.64365000000000e+06	-8.22975161013120e-01	-1.19976066218992e+02
3.65366000000000e+06	-8.54657566839759e-01	-1.20176892863982e+02
3.66367000000000e+06	-8.86331683938134e-01	-1.20377161553706e+02
3.67368000000000e+06	-9.17997327425738e-01	-1.20576874135441e+02
3.68369000000000e+06	-9.49654314407820e-01	-1.20776032452169e+02
3.69370000000000e+06	-9.81302463962607e-01	-1.20974638342517e+02
3.70371000000000e+06	-1.01294159712603e+00	-1.21172693640724e+02
3.71372000000000e+06	-1.04457153687546e+00	-1.21370200176604e+02
3.72373000000000e+06	-1.07619210810691e+00	-1.21567159775495e+02
3.73374000000000e+06	-1.10780313763046e+00	-1.21763574258228e+02
3.74375000000000e+06	-1.13940445414612e+00	-1.21959445441098e+02
3.75376000000000e+06	-1.17099588822709e+00	-1.22154775135805e+02
3.76377000000000e+06	-1.20257727231032e+00	-1.22349565149448e+02
3.77378000000000e+06	-1.23414844067484e+00	-1.22543817284463e+02
3.78379000000000e+06	-1.26570922942908e+00	-1.22737533338608e+02
3.79380000000000e+06	-1.29725947649292e+00	-1.22930715104926e+02
3.80381000000000e+06	-1.32879902158617e+00	-1.23123364371711e+02
3.81382000000000e+06	-1.36032770620884e+00	-1.23315482922474e+02
3.82383000000000e+06	-1.39184537362766e+00	-1.23507072535930e+02
3.83384000000000e+06	-1.42335186886311e+00	-1.23698134985947e+02
3.84385000000000e+06	-1.45484703866821e+00	-1.23888672041537e+02
3.85386000000000e+06	-1.48633073152094e+00	-1.24078685466815e+02
3.86387000000000e+06	-1.51780279760414e+00	-1.24268177020984e+02
3.87388000000000e+06	-1.54926308879163e+00	-1.24457148458303e+02
3.88389000000000e+06	-1.58071145863494e+00	-1.24645601528065e+02
3.89390000000000e+06	-1.61214776234896e+00	-1.24833537974575e+02
3.90391000000000e+06	-1.64357185679422e+00	-1.25020959537124e+02
3.91392000000000e+06	-1.67498360046382e+00	-1.25207867949967e+02
3.92393000000000e+06	-1.70638285347300e+00	-1.25394264942311e+02
3.93394000000000e+06	-1.73776947753889e+00	-1.25580152238279e+02
3.94395000000000e+06	-1.76914333596865e+00	-1.25765531556902e+02
3.95396000000000e+06	-1.80050429364828e+00	-1.25950404612098e+02
3.96397000000000e+06	-1.83185221702360e+00	-1.26134773112649e+02
3.97398000000000e+06	-1.86318697408987e+00	-1.26318638762193e+02
3.98399000000000e+06	-1.89450843437788e+00	-1.26502003259202e+02
3.99400000000000e+06	-1.92581646893758e+00	-1.26684868296960e+02
4.00401000000000e+06	-1.95711095032669e+00	-1.26867235563556e+02
4.01402000000000e+06	-1.98839175259799e+00	-1.27049106741871e+02
4.02403000000000e+06	-2.01965875128378e+00	-1.27230483509553e+02
4.03404000000000e+06	-2.05091182338180e+00	-1.27411367539018e+02
4.04405000000000e+06	-2.08215084734718e+00	-1.27591760497430e+02
4.05406000000000e+06	-2.11337570307291e+00	-1.27771664046679e+02
4.06407000000000e+06	-2.14458627188121e+00	-1.27951079843396e+02
4.07408000000000e+06	-2.17578243650767e+00	-1.28130009538910e+02
4.08409000000000e+06	-2.20696408109123e+00	-1.28308454779267e+02
4.09410000000000e+06	-2.23813109115796e+00	-1.28486417205200e+02
4.10411000000000e+06	-2.26928335361240e+00	-1.28663898452129e+02
4.11412000000000e+06	-2.30042075672319e+00	-1.28840900150157e+02
4.12413000000000e+06	-2.33154319010829e+00	-1.29017423924045e+02
4.13414000000000e+06	-2.36265054472566e+00	-1.29193471393226e+02
4.14415000000000e+06	-2.39374271285971e+00	-1.29369044171782e+02
4.15416000000000e+06	-2.42481958811093e+00	-1.29544143868449e+02
4.16417000000000e+06	-2.45588106537891e+00	-1.29718772086604e+02
4.17418000000000e+06	-2.48692704085720e+00	-1.29892930424261e+02
4.18419000000000e+06	-2.51795741201534e+00	-1.30066620474069e+02
4.19420000000000e+06	-2.54897207759129e+00	-1.30239843823306e+02
4.20421000000000e+06	-2.57997093757668e+00	-1.30412602053879e+02
4.21422000000000e+06	-2.61095389320554e+00	-1.30584896742314e+02
4.22423000000000e+06	-2.64192084694441e+00	-1.30756729459754e+02
4.23424000000000e+06	-2.67287170248080e+00	-1.30928101771967e+02
4.24425000000000e+06	-2.70380636470894e+00	-1.31099015239329e+02
4.25426000000000e+06	-2.73472473972354e+00	-1.31269471416840e+02
4.26427000000000e+06	-2.76562673480162e+00	-1.31439471854102e+02
4.27428000000000e+06	-2.79651225839871e+00	-1.31609018095340e+02
4.28429000000000e+06	-2.82738122013023e+00	-1.31778111679385e+02
4.29430000000000e+06	-2.85823353077081e+00	-1.31946754139684e+02
4.30431000000000e+06	-2.88906910223186e+00	-1.32114947004301e+02
4.31432000000000e+06	-2.91988784755691e+00	-1.32282691795909e+02
4.32433000000000e+06	-2.95068968091406e+00	-1.32449990031803e+02
4.33434000000000e+06	-2.98147451757599e+00	-1.32616843223891e+02
4.34435000000000e+06	-3.01224227391999e+00	-1.32783252878707e+02
4.35436000000000e+06	-3.04299286740833e+00	-1.32949220497404e+02
4.36437000000000e+06	-3.07372621658551e+00	-1.33114747575770e+02
4.37438000000000e+06	-3.10444224106131e+00	-1.33279835604209e+02
4.38439000000000e+06	-3.13514086150674e+00	-1.33444486067772e+02
4.39440000000000e+06	-3.16582199963972e+00	-1.33608700446138e+02
4.40441000000000e+06	-3.19648557821454e+00	-1.33772480213638e+02
4.41442000000000e+06	-3.22713152101626e+00	-1.33935826839234e+02
4.42443000000000e+06	-3.25775975284768e+00	-1.34098741786556e+02
4.43444000000000e+06	-3.28837019951895e+00	-1.34261226513883e+02
4.44445000000000e+06	-3.31896278784171e+00	-1.34423282474155e+02
4.45446000000000e+06	-3.34953744561336e+00	-1.34584911114987e+02
4.46447000000000e+06	-3.38009410161390e+00	-1.34746113878665e+02
4.47448000000000e+06	-3.41063268559209e+00	-1.34906892202153e+02
4.48449000000000e+06	-3.44115312825570e+00	-1.35067247517109e+02
4.49450000000000e+06	-3.47165536126893e+00	-1.35227181249884e+02
4.50451000000000e+06	-3.50213931723458e+00	-1.35386694821535e+02
4.51452000000000e+06	-3.53260492968962e+00	-1.35545789647820e+02
4.52453000000000e+06	-3.56305213309397e+00	-1.35704467139222e+02
4.53454000000000e+06	-3.59348086282507e+00	-1.35862728700951e+02
4.54455000000000e+06	-3.62389105516337e+00	-1.36020575732947e+02
4.55456000000000e+06	-3.65428264728948e+00	-1.36178009629898e+02
4.56457000000000e+06	-3.68465557727147e+00	-1.36335031781240e+02
4.57458000000000e+06	-3.71500978405713e+00	-1.36491643571172e+02
4.58459000000000e+06	-3.74534520746504e+00	-1.36647846378664e+02
4.59460000000000e+06	-3.77566178817676e+00	-1.36803641577462e+02
4.60461000000000e+06	-3.80595946772847e+00	-1.36959030536105e+02
4.61462000000000e+06	-3.83623818850261e+00	-1.37114014617933e+02
4.62463000000000e+06	-3.86649789371693e+00	-1.37268595181093e+02
4.63464000000000e+06	-3.89673852742124e+00	-1.37422773578553e+02
4.64465000000000e+06	-3.92696003448343e+00	-1.37576551158109e+02
4.65466000000000e+06	-3.95716236058860e+00	-1.37729929262402e+02
4.66467000000000e+06	-3.98734545221948e+00	-1.37882909228925e+02
4.67468000000000e+06	-4.01750925666422e+00	-1.38035492390028e+02
4.68469000000000e+06	-4.04765372199312e+00	-1.38187680072949e+02
4.69470000000000e+06	-4.07777879706281e+00	-1.38339473599798e+02
4.70471000000000e+06	-4.10788443149708e+00	-1.38490874287588e+02
4.71472000000000e+06	-4.13797057569392e+00	-1.38641883448247e+02
4.72473000000000e+06	-4.16803718080174e+00	-1.38792502388615e+02
4.73474000000000e+06	-4.19808419872131e+00	-1.38942732410471e+02
4.74475000000000e+06	-4.22811158209906e+00	-1.39092574810540e+02
4.75476000000000e+06	-4.25811928431486e+00	-1.39242030880501e+02
4.76477000000000e+06	-4.28810725947630e+00	-1.39391101907012e+02
4.77478000000000e+06	-4.31807546241492e+00	-1.39539789171703e+02
4.78479000000000e+06	-4.34802384866959e+00	-1.39688093951207e+02
4.79480000000000e+06	-4.37795237449343e+00	-1.39836017517173e+02
4.80481000000000e+06	-4.40786099683356e+00	-1.39983561136257e+02
4.81482000000000e+06	-4.43774967333000e+00	-1.40130726070161e+02
4.82483000000000e+06	-4.46761836231040e+00	-1.40277513575629e+02
4.83484000000000e+06	-4.49746702277943e+00	-1.40423924904478e+02
4.84485000000000e+06	-4.52729561441357e+00	-1.40569961303589e+02
4.85486000000000e+06	-4.55710409755169e+00	-1.40715624014941e+02
4.86487000000000e+06	-4.58689243319549e+00	-1.40860914275611e+02
4.87488000000000e+06	-4.61666058299390e+00	-1.41005833317797e+02
4.88489000000000e+06	-4.64640850924149e+00	-1.41150382368824e+02
4.89490000000000e+06	-4.67613617487187e+00	-1.41294562651164e+02
4.90491000000000e+06	-4.70584354345137e+00	-1.41438375382452e+02
4.91492000000000e+06	-4.73553057916802e+00	-1.41581821775490e+02
4.92493000000000e+06	-4.76519724683178e+00	-1.41724903038275e+02
4.93494000000000e+06	-4.79484351186368e+00	-1.41867620373999e+02
4.94495000000000e+06	-4.82446934029149e+00	-1.42009974981081e+02
4.95496000000000e+06	-4.85407469874238e+00	-1.42151968053158e+02
4.96497000000000e+06	-4.88365955444003e+00	-1.42293600779130e+02
4.97498000000000e+06	-4.91322387519173e+00	-1.42434874343140e+02
4.98499000000000e+06	-4.94276762938928e+00	-1.42575789924624e+02
4.99500000000000e+06	-4.97229078599996e+00	-1.42716348698296e+02
5.00501000000000e+06	-5.00179331456141e+00	-1.42856551834183e+02
5.01502000000000e+06	-5.03127518517261e+00	-1.42996400497631e+02
5.02503000000000e+06	-5.06073636849498e+00	-1.43135895849321e+02
5.03504000000000e+06	-5.09017683573844e+00	-1.43275039045283e+02
5.04505000000000e+06	-5.11959655866095e+00	-1.43413831236921e+02
5.05506000000000e+06	-5.14899550956298e+00	-1.43552273571009e+02
5.06507000000000e+06	-5.17837366127799e+00	-1.43690367189732e+02
5.07508000000000e+06	-5.20773098717054e+00	-1.43828113230672e+02
5.08509000000000e+06	-5.23706746112940e+00	-1.43965512826851e+02
5.09510000000000e+06	-5.26638305756222e+00	-1.44102567106732e+02
5.10511000000000e+06	-5.29567775139152e+00	-1.44239277194226e+02
5.11512000000000e+06	-5.32495151804414e+00	-1.44375644208734e+02
5.12513000000000e+06	-5.35420433345476e+00	-1.44511669265134e+02
5.13514000000000e+06	-5.38343617405060e+00	-1.44647353473816e+02
5.14515000000000e+06	-5.41264701675592e+00	-1.44782697940692e+02
5.15516000000000e+06	-5.44183683897917e+00	-1.44917703767202e+02
5.16517000000000e+06	-5.47100561861223e+00	-1.45052372050351e+02
5.17518000000000e+06	-5.50015333402324e+00	-1.45186703882703e+02
5.18519000000000e+06	-5.52927996405212e+00	-1.45320700352407e+02
5.19520000000000e+06	-5.55838548800817e+00	-1.45454362543217e+02
5.20521000000000e+06	-5.58746988566036e+00	-1.45587691534497e+02
5.21522000000000e+06	-5.61653313723431e+00	-1.45720688401242e+02
5.22523000000000e+06	-5.64557522341178e+00	-1.45853354214102e+02
5.23524000000000e+06	-5.67459612531850e+00	-1.45985690039381e+02
5.24525000000000e+06	-5.70359582452507e+00	-1.46117696939067e+02
5.25526000000000e+06	-5.73257430303933e+00	-1.46249375970840e+02
5.26527000000000e+06	-5.76153154330363e+00	-1.46380728188094e+02
5.27528000000000e+06	-5.79046752818872e+00	-1.46511754639952e+02
5.28529000000000e+06	-5.81938224098994e+00	-1.46642456371269e+02
5.29530000000000e+06	-5.84827566542338e+00	-1.46772834422672e+02
5.30531000000000e+06	-5.87714778561735e+00	-1.46902889830551e+02
5.31532000000000e+06	-5.90599858611560e+00	-1.47032623627095e+02
5.32533000000000e+06	-5.93482805186575e+00	-1.47162036840297e+02
5.33534000000000e+06	-5.96363616821662e+00	-1.47291130493970e+02
5.34535000000000e+06	-5.99242292091923e+00	-1.47419905607770e+02
5.35536000000000e+06	-6.02118829611351e+00	-1.47548363197205e+02
5.36537000000000e+06	-6.04993228033272e+00	-1.47676504273650e+02
5.37538000000000e+06	-6.07865486049307e+00	-1.47804329844372e+02
5.38539000000000e+06	-6.10735602389139e+00	-1.47931840912539e+02
5.39540000000000e+06	-6.13603575820349e+00	-1.48059038477235e+02
5.40541000000000e+06	-6.16469405147599e+00	-1.48185923533480e+02
5.41542000000000e+06	-6.19333089212833e+00	-1.48312497072244e+02
5.42543000000000e+06	-6.22194626893933e+00	-1.48438760080460e+02
5.43544000000000e+06	-6.25054017105228e+00	-1.48564713541052e+02
5.44545000000000e+06	-6.27911258796695e+00	-1.48690358432929e+02
5.45546000000000e+06	-6.30766350953713e+00	-1.48815695731025e+02
5.46547000000000e+06	-6.33619292596411e+00	-1.48940726406296e+02
5.47548000000000e+06	-6.36470082779489e+00	-1.49065451425751e+02
5.48549000000000e+06	-6.39318720591944e+00	-1.49189871752452e+02
5.49550000000000e+06	-6.42165205156493e+00	-1.49313988345546e+02
5.50551000000000e+06	-6.45009535629358e+00	-1.49437802160266e+02
5.51552000000000e+06	-6.47851711199779e+00	-1.49561314147957e+02
5.52553000000000e+06	-6.50691731089667e+00	-1.49684525256093e+02
5.53554000000000e+06	-6.53529594553447e+00	-1.49807436428278e+02
5.54555000000000e+06	-6.56365300877172e+00	-1.49930048604285e+02
5.55556000000000e+06	-6.59198849379000e+00	-1.50052362720048e+02
5.56557000000000e+06	-6.62030239407988e+00	-1.50174379707692e+02
5.57558000000000e+06	-6.64859470344381e+00	-1.50296100495545e+02
5.58559000000000e+06	-6.67686541598824e+00	-1.50417526008157e+02
5.59560000000000e+06	-6.70511452612487e+00	-1.50538657166307e+02
5.60561000000000e+06	-6.73334202856327e+00	-1.50659494887028e+02
5.61562000000000e+06	-6.76154791830762e+00	-1.50780040083619e+02
5.62563000000000e+06	-6.78973219065710e+00	-1.50900293665656e+02
5.63564000000000e+06	-6.81789484119932e+00	-1.51020256539015e+02
5.64565000000000e+06	-6.84603586580812e+00	-1.51139929605882e+02
5.65566000000000e+06	-6.87415526064002e+00	-1.51259313764771e+02
5.66567000000000e+06	-6.90225302213139e+00	-1.51378409910538e+02
5.67568000000000e+06	-6.93032914699672e+00	-1.51497218934403e+02
5.68569000000000e+06	-6.95838363222308e+00	-1.51615741723947e+02
5.69570000000000e+06	-6.98641647506664e+00	-1.51733979163156e+02
5.70571000000000e+06	-7.01442767305435e+00	-1.51851932132406e+02
5.71572000000000e+06	-7.04241722397374e+00	-1.51969601508501e+02
5.72573000000000e+06	-7.07038512587656e+00	-1.52086988164678e+02
5.73574000000000e+06	-7.09833137707260e+00	-1.52204092970622e+02
5.74575000000000e+06	-7.12625597612786e+00	-1.52320916792480e+02
5.75576000000000e+06	-7.15415892185836e+00	-1.52437460492893e+02
5.76577000000000e+06	-7.18204021333463e+00	-1.52553724930972e+02
5.77578000000000e+06	-7.20989984987031e+00	-1.52669710962368e+02
5.78579000000000e+06	-7.23773783102333e+00	-1.52785419439232e+02
5.79580000000000e+06	-7.26555415659601e+00	-1.52900851210269e+02
5.80581000000000e+06	-7.29334882662634e+00	-1.53016007120734e+02
5.81582000000000e+06	-7.32112184139006e+00	-1.53130888012456e+02
5.82583000000000e+06	-7.34887320139535e+00	-1.53245494723842e+02
5.83584000000000e+06	-7.37660290738072e+00	-1.53359828089905e+02
5.84585000000000e+06	-7.40431096031446e+00	-1.53473888942268e+02
5.85586000000000e+06	-7.43199736138715e+00	-1.53587678109186e+02
5.86587000000000e+06	-7.45966211201502e+00	-1.53701196415557e+02
5.87588000000000e+06	-7.48730521383244e+00	-1.53814444682933e+02
5.88589000000000e+06	-7.51492666869229e+00	-1.53927423729544e+02
5.89590000000000e+06	-7.54252647866091e+00	-1.54040134370304e+02
5.90591000000000e+06	-7.57010464602053e+00	-1.54152577416834e+02
5.91592000000000e+06	-7.59766117326038e+00	-1.54264753677467e+02
5.92593000000000e+06	-7.62519606307830e+00	-1.54376663957262e+02
5.93594000000000e+06	-7.65270931837866e+00	-1.54488309058037e+02
5.94595000000000e+06	-7.68020094226522e+00	-1.54599689778358e+02
5.95596000000000e+06	-7.70767093804572e+00	-1.54710806913566e+02
5.96597000000000e+06	-7.73511930922539e+00	-1.54821661255795e+02
5.97598000000000e+06	-7.76254605950361e+00	-1.54932253593977e+02
5.98599000000000e+06	-7.78995119277378e+00	-1.55042584713857e+02
5.99600000000000e+06	-7.81733471312213e+00	-1.55152655398023e+02
6.00601000000000e+06	-7.84469662482086e+00	-1.55262466425892e+02
6.01602000000000e+06	-7.87203693233098e+00	-1.55372018573752e+02
6.02603000000000e+06	-7.89935564029869e+00	-1.55481312614755e+02
6.03604000000000e+06	-7.92665275354981e+00	-1.55590349318945e+02
6.04605000000000e+06	-7.95392827709150e+00	-1.55699129453260e+02
6.05606000000000e+06	-7.98118221611021e+00	-1.55807653781561e+02
6.06607000000000e+06	-8.00841457596631e+00	-1.55915923064632e+02
6.07608000000000e+06	-8.03562536219411e+00	-1.56023938060193e+02
6.08609000000000e+06	-8.06281458049993e+00	-1.56131699522926e+02
6.09610000000000e+06	-8.08998223676089e+00	-1.56239208204486e+02
6.10611000000000e+06	-8.11712833702015e+00	-1.56346464853496e+02
6.11612000000000e+06	-8.14425288748594e+00	-1.56453470215590e+02
6.12613000000000e+06	-8.17135589453038e+00	-1.56560225033404e+02
6.13614000000000e+06	-8.19843736468945e+00	-1.56666730046600e+02
6.14615000000000e+06	-8.22549730465293e+00	-1.56772985991872e+02
6.15616000000000e+06	-8.25253572127470e+00	-1.56878993602970e+02
6.16617000000000e+06	-8.27955262156069e+00	-1.56984753610698e+02
6.17618000000000e+06	-8.30654801267158e+00	-1.57090266742946e+02
6.18619000000000e+06	-8.33352190191878e+00	-1.57195533724688e+02
6.19620000000000e+06	-8.36047429676370e+00	-1.57300555278001e+02
6.20621000000000e+06	-8.38740520481949e+00	-1.57405332122080e+02
6.21622000000000e+06	-8.41431463384107e+00	-1.57509864973244e+02
6.22623000000000e+06	-8.44120259172882e+00	-1.57614154544961e+02
6.23624000000000e+06	-8.46806908652903e+00	-1.57718201547847e+02
6.24625000000000e+06	-8.49491412642360e+00	-1.57822006689687e+02
6.25626000000000e+06	-8.52173771973863e+00	-1.57925570675450e+02
6.26627000000000e+06	-8.54853987493464e+00	-1.58028894207293e+02
6.27628000000000e+06	-8.57532060060932e+00	-1.58131977984585e+02
6.28629000000000e+06	-8.60207990549287e+00	-1.58234822703909e+02
6.29630000000000e+06	-8.62881779844937e+00	-1.58337429059078e+02
6.30631000000000e+06	-8.65553428847297e+00	-1.58439797741159e+02
6.31632000000000e+06	-8.68222938468576e+00	-1.58541929438463e+02
6.32633000000000e+06	-8.70890309633760e+00	-1.58643824836579e+02
6.33634000000000e+06	-8.73555543280693e+00	-1.58745484618368e+02
6.34635000000000e+06	-8.76218640359252e+00	-1.58846909463998e+02
6.35636000000000e+06	-8.78879601831700e+00	-1.58948100050931e+02
6.36637000000000e+06	-8.81538428672294e+00	-1.59049057053957e+02
6.37638000000000e+06	-8.84195121867562e+00	-1.59149781145192e+02
6.38639000000000e+06	-8.86849682415451e+00	-1.59250272994093e+02
6.39640000000000e+06	-8.89502111325611e+00	-1.59350533267477e+02
6.40641000000000e+06	-8.92152409619376e+00	-1.59450562629528e+02
6.41642000000000e+06	-8.94800578329290e+00	-1.59550361741802e+02
6.42643000000000e+06	-8.97446618498872e+00	-1.59649931263262e+02
6.43644000000000e+06	-9.00090531182973e+00	-1.59749271850257e+02
6.44645000000000e+06	-9.02732317447339e+00	-1.59848384156557e+02
6.45646000000000e+06	-9.05371978368283e+00	-1.59947268833368e+02
6.46647000000000e+06	-9.08009515032733e+00	-1.60045926529326e+02
6.47648000000000e+06	-9.10644928538259e+00	-1.60144357890518e+02
6.48649000000000e+06	-9.13278219992539e+00	-1.60242563560494e+02
6.49650000000000e+06	-9.15909390513648e+00	-1.60340544180285e+02
6.50651000000000e+06	-9.18538441229514e+00	-1.60438300388397e+02
6.51652000000000e+06	-9.21165373278135e+00	-1.60535832820840e+02
6.52653000000000e+06	-9.23790187807165e+00	-1.60633142111134e+02
6.53654000000000e+06	-9.26412885974057e+00	-1.60730228890311e+02
6.54655000000000e+06	-9.29033468945708e+00	-1.60827093786944e+02
6.55656000000000e+06	-9.31651937898374e+00	-1.60923737427142e+02
6.56657000000000e+06	-9.34268294017608e+00	-1.61020160434578e+02
6.57658000000000e+06	-9.36882538498053e+00	-1.61116363430481e+02
6.58659000000000e+06	-9.39494672543453e+00	-1.61212347033659e+02
6.59660000000000e+06	-9.42104697366353e+00	-1.61308111860513e+02
6.60661000000000e+06	-9.44712614188086e+00	-1.61403658525036e+02
6.61662000000000e+06	-9.47318424238563e+00	-1.61498987638835e+02
6.62663000000000e+06	-9.49922128756386e+00	-1.61594099811142e+02
6.63664000000000e+06	-9.52523728988469e+00	-1.61688995648812e+02
6.64665000000000e+06	-9.55123226189800e+00	-1.61783675756357e+02
6.65666000000000e+06	-9.57720621623942e+00	-1.61878140735928e+02
6.66667000000000e+06	-9.60315916562063e+00	-1.61972391187351e+02
6.67668000000000e+06	-9.62909112283631e+00	-1.62066427708125e+02
6.68669000000000e+06	-9.65500210075765e+00	-1.62160250893434e+02
6.69670000000000e+06	-9.68089211233322e+00	-1.62253861336161e+02
6.70671000000000e+06	-9.70676117058634e+00	-1.62347259626895e+02
6.71672000000000e+06	-9.73260928861719e+00	-1.62440446353947e+02
6.72673000000000e+06	-9.75843647959961e+00	-1.62533422103352e+02
6.73674000000000e+06	-9.78424275677872e+00	-1.62626187458889e+02
6.74675000000000e+06	-9.81002813347055e+00	-1.62718743002088e+02
6.75676000000000e+06	-9.83579262306484e+00	-1.62811089312232e+02
6.76677000000000e+06	-9.86153623901871e+00	-1.62903226966379e+02
6.77678000000000e+06	-9.88725899485885e+00	-1.62995156539373e+02
6.78679000000000e+06	-9.91296090417847e+00	-1.63086878603836e+02
6.79680000000000e+06	-9.93864198063759e+00	-1.63178393730211e+02
6.80681000000000e+06	-9.96430223796112e+00	-1.63269702486735e+02
6.81682000000000e+06	-9.98994168993985e+00	-1.63360805439474e+02
6.82683000000000e+06	-1.00155603504263e+01	-1.63451703152330e+02
6.83684000000000e+06	-1.00411582333371e+01	-1.63542396187038e+02
6.84685000000000e+06	-1.00667353526503e+01	-1.63632885103191e+02
6.85686000000000e+06	-1.00922917224040e+01	-1.63723170458242e+02
6.86687000000000e+06	-1.01178273566959e+01	-1.63813252807518e+02
6.87688000000000e+06	-1.01433422696815e+01	-1.63903132704225e+02
6.88689000000000e+06	-1.01688364755771e+01	-1.63992810699462e+02
6.89690000000000e+06	-1.01943099886530e+01	-1.64082287342225e+02
6.90691000000000e+06	-1.02197628232381e+01	-1.64171563179425e+02
6.91692000000000e+06	-1.02451949937123e+01	-1.64260638755901e+02
6.92693000000000e+06	-1.02706065145152e+01	-1.64349514614404e+02
6.93694000000000e+06	-1.02959974001331e+01	-1.64438191295643e+02
6.94695000000000e+06	-1.03213676651130e+01	-1.64526669338263e+02
6.95696000000000e+06	-1.03467173240464e+01	-1.64614949278878e+02
6.96697000000000e+06	-1.03720463915799e+01	-1.64703031652063e+02
6.97698000000000e+06	-1.03973548824068e+01	-1.64790916990376e+02
6.98699000000000e+06	-1.04226428112719e+01	-1.64878605824354e+02
6.99700000000000e+06	-1.04479101929687e+01	-1.64966098682545e+02
7.00701000000000e+06	-1.04731570423352e+01	-1.65053396091481e+02
7.01702000000000e+06	-1.04983833742594e+01	-1.65140498575737e+02
7.02703000000000e+06	-1.05235892036741e+01	-1.65227406657886e+02
7.03704000000000e+06	-1.05487745455556e+01	-1.65314120858545e+02
7.04705000000000e+06	-1.05739394149267e+01	-1.65400641696378e+02
7.05706000000000e+06	-1.05990838268524e+01	-1.65486969688094e+02
7.06707000000000e+06	-1.06242077964404e+01	-1.65573105348463e+02
7.07708000000000e+06	-1.06493113388424e+01	-1.65659049190326e+02
7.08709000000000e+06	-1.06743944692488e+01	-1.65744801724602e+02
7.09710000000000e+06	-1.06994572028929e+01	-1.65830363460297e+02
7.10711000000000e+06	-1.07244995550470e+01	-1.65915734904510e+02
7.11712000000000e+06	-1.07495215410204e+01	-1.66000916562452e+02
7.12713000000000e+06	-1.07745231761642e+01	-1.66085908937440e+02
7.13714000000000e+06	-1.07995044758634e+01	-1.66170712530923e+02
7.14715000000000e+06	-1.08244654555433e+01	-1.66255327842466e+02
7.15716000000000e+06	-1.08494061306660e+01	-1.66339755369788e+02
7.16717000000000e+06	-1.08743265167248e+01	-1.66423995608751e+02
7.17718000000000e+06	-1.08992266292518e+01	-1.66508049053369e+02
7.18719000000000e+06	-1.09241064838130e+01	-1.66591916195832e+02
7.19720000000000e+06	-1.09489660960062e+01	-1.66675597526490e+02
7.20721000000000e+06	-1.09738054814621e+01	-1.66759093533891e+02
7.21722000000000e+06	-1.09986246558464e+01	-1.66842404704759e+02
7.22723000000000e+06	-1.10234236348539e+01	-1.66925531524028e+02
7.23724000000000e+06	-1.10482024342109e+01	-1.67008474474826e+02
7.24725000000000e+06	-1.10729610696745e+01	-1.67091234038513e+02
7.25726000000000e+06	-1.10976995570320e+01	-1.67173810694664e+02
7.26727000000000e+06	-1.11224179120987e+01	-1.67256204921084e+02
7.27728000000000e+06	-1.11471161507194e+01	-1.67338417193823e+02
7.28729000000000e+06	-1.11717942887649e+01	-1.67420447987174e+02
7.29730000000000e+06	-1.11964523421369e+01	-1.67502297773694e+02
7.30731000000000e+06	-1.12210903267610e+01	-1.67583967024194e+02
7.31732000000000e+06	-1.12457082585882e+01	-1.67665456207769e+02
7.32733000000000e+06	-1.12703061535977e+01	-1.67746765791785e+02
7.33734000000000e+06	-1.12948840277935e+01	-1.67827896241897e+02
7.34735000000000e+06	-1.13194418972014e+01	-1.67908848022062e+02
7.35736000000000e+06	-1.13439797778735e+01	-1.67989621594536e+02
7.36737000000000e+06	-1.13684976858839e+01	-1.68070217419889e+02
7.37738000000000e+06	-1.13929956373305e+01	-1.68150635957008e+02
7.38739000000000e+06	-1.14174736483326e+01	-1.68230877663111e+02
7.39740000000000e+06	-1.14419317350318e+01	-1.68310942993746e+02
7.40741000000000e+06	-1.14663699135919e+01	-1.68390832402805e+02
7.41742000000000e+06	-1.14907882001942e+01	-1.68470546342534e+02
7.42743000000000e+06	-1.15151866110428e+01	-1.68550085263532e+02
7.43744000000000e+06	-1.15395651623598e+01	-1.68629449614766e+02
7.44745000000000e+06	-1.15639238703880e+01	-1.68708639843579e+02
7.45746000000000e+06	-1.15882627513884e+01	-1.68787656395682e+02
7.46747000000000e+06	-1.16125818216387e+01	-1.68866499715190e+02
7.47748000000000e+06	-1.16368810974355e+01	-1.68945170244600e+02
7.48749000000000e+06	-1.16611605950933e+01	-1.69023668424813e+02
7.49750000000000e+06	-1.16854203309414e+01	-1.69101994695149e+02
7.50751000000000e+06	-1.17096603213257e+01	-1.69180149493339e+02
7.51752000000000e+06	-1.17338805826092e+01	-1.69258133255537e+02
7.52753000000000e+06	-1.17580811311686e+01	-1.69335946416327e+02
7.53754000000000e+06	-1.17822619833962e+01	-1.69413589408740e+02
7.54755000000000e+06	-1.18064231556986e+01	-1.69491062664238e+02
7.55756000000000e+06	-1.18305646644960e+01	-1.69568366612756e+02
7.56757000000000e+06	-1.18546865262219e+01	-1.69645501682667e+02
7.57758000000000e+06	-1.18787887573225e+01	-1.69722468300831e+02
7.58759000000000e+06	-1.19028713742591e+01	-1.69799266892572e+02
7.59760000000000e+06	-1.19269343935008e+01	-1.69875897881693e+02
7.60761000000000e+06	-1.19509778315318e+01	-1.69952361690487e+02
7.61762000000000e+06	-1.19750017048474e+01	-1.70028658739745e+02
7.62763000000000e+06	-1.19990060299512e+01	-1.70104789448760e+02
7.63764000000000e+06	-1.20229908233596e+01	-1.70180754235325e+02
7.64765000000000e+06	-1.20469561015993e+01	-1.70256553515758e+02
7.65766000000000e+06	-1.20709018812054e+01	-1.70332187704897e+02
7.66767000000000e+06	-1.20948281787222e+01	-1.70407657216103e+02
7.67768000000000e+06	-1.21187350107037e+01	-1.70482962461283e+02
7.68769000000000e+06	-1.21426223937129e+01	-1.70558103850871e+02
7.69770000000000e+06	-1.21664903443189e+01	-1.70633081793865e+02
7.70771000000000e+06	-1.21903388790990e+01	-1.70707896697812e+02
7.71772000000000e+06	-1.22141680146401e+01	-1.70782548968820e+02
7.72773000000000e+06	-1.22379777675340e+01	-1.70857039011565e+02
7.73774000000000e+06	-1.22617681543787e+01	-1.70931367229303e+02
7.74775000000000e+06	-1.22855391917806e+01	-1.71005534023864e+02
7.75776000000000e+06	-1.23092908963499e+01	-1.71079539795675e+02
7.76777000000000e+06	-1.23330232847034e+01	-1.71153384943746e+02
7.77778000000000e+06	-1.23567363734627e+01	-1.71227069865699e+02
7.78779000000000e+06	-1.23804301792539e+01	-1.71300594957760e+02
7.79780000000000e+06	-1.24041047187098e+01	-1.71373960614762e+02
7.80781000000000e+06	-1.24277600084627e+01	-1.71447167230164e+02
7.81782000000000e+06	-1.24513960651538e+01	-1.71520215196049e+02
7.82783000000000e+06	-1.24750129054252e+01	-1.71593104903131e+02
7.83784000000000e+06	-1.24986105459218e+01	-1.71665836740763e+02
7.84785000000000e+06	-1.25221890032929e+01	-1.71738411096947e+02
7.85786000000000e+06	-1.25457482941883e+01	-1.71810828358333e+02
7.86787000000000e+06	-1.25692884352633e+01	-1.71883088910215e+02
7.87788000000000e+06	-1.25928094431699e+01	-1.71955193136575e+02
7.88789000000000e+06	-1.26163113345668e+01	-1.72027141420040e+02
7.89790000000000e+06	-1.26397941261115e+01	-1.72098934141928e+02
7.90791000000000e+06	-1.26632578344624e+01	-1.72170571682227e+02
7.91792000000000e+06	-1.26867024762799e+01	-1.72242054419613e+02
7.92793000000000e+06	-1.27101280682233e+01	-1.72313382731464e+02
7.93794000000000e+06	-1.27335346269523e+01	-1.72384556993854e+02
7.94795000000000e+06	-1.27569221691282e+01	-1.72455577581545e+02
7.95796000000000e+06	-1.27802907114079e+01	-1.72526444868032e+02
7.96797000000000e+06	-1.28036402704515e+01	-1.72597159225513e+02
7.97798000000000e+06	-1.28269708629149e+01	-1.72667721024911e+02
7.98799000000000e+06	-1.28502825054558e+01	-1.72738130635877e+02
7.99800000000000e+06	-1.28735752147277e+01	-1.72808388426789e+02
8.00801000000000e+06	-1.28968490073845e+01	-1.72878494764778e+02
8.01802000000000e+06	-1.29201039000767e+01	-1.72948450015702e+02
8.02803000000000e+06	-1.29433399094503e+01	-1.73018254544183e+02
8.03804000000000e+06	-1.29665570521524e+01	-1.73087908713600e+02
8.04805000000000e+06	-1.29897553448263e+01	-1.73157412886072e+02
8.05806000000000e+06	-1.30129348041089e+01	-1.73226767422517e+02
8.06807000000000e+06	-1.30360954466380e+01	-1.73295972682601e+02
8.07808000000000e+06	-1.30592372890456e+01	-1.73365029024772e+02
8.08809000000000e+06	-1.30823603479606e+01	-1.73433936806269e+02
8.09810000000000e+06	-1.31054646400066e+01	-1.73502696383122e+02
8.10811000000000e+06	-1.31285501818034e+01	-1.73571308110142e+02
8.11812000000000e+06	-1.31516169899659e+01	-1.73639772340948e+02
8.12813000000000e+06	-1.31746650811057e+01	-1.73708089427966e+02
8.13814000000000e+06	-1.31976944718271e+01	-1.73776259722428e+02
8.14815000000000e+06	-1.32207051787302e+01	-1.73844283574384e+02
8.15816000000000e+06	-1.32436972184108e+01	-1.73912161332698e+02
8.16817000000000e+06	-1.32666706074562e+01	-1.73979893345075e+02
8.17818000000000e+06	-1.32896253624492e+01	-1.74047479958037e+02
8.18819000000000e+06	-1.33125614999670e+01	-1.74114921516953e+02
8.19820000000000e+06	-1.33354790365794e+01	-1.74182218366025e+02
8.20821000000000e+06	-1.33583779888499e+01	-1.74249370848306e+02
8.21822000000000e+06	-1.33812583733356e+01	-1.74316379305703e+02
8.22823000000000e+06	-1.34041202065860e+01	-1.74383244078977e+02
8.23824000000000e+06	-1.34269635051436e+01	-1.74449965507755e+02
8.24825000000000e+06	-1.34497882855435e+01	-1.74516543930523e+02
8.25826000000000e+06	-1.34725945643118e+01	-1.74582979684654e+02
8.26827000000000e+06	-1.34953823579712e+01	-1.74649273106379e+02
8.27828000000000e+06	-1.35181516830296e+01	-1.74715424530828e+02
8.28829000000000e+06	-1.35409025559927e+01	-1.74781434292014e+02
8.29830000000000e+06	-1.35636349933551e+01	-1.74847302722832e+02
8.30831000000000e+06	-1.35863490116028e+01	-1.74913030155088e+02
8.31832000000000e+06	-1.36090446272133e+01	-1.74978616919483e+02
8.32833000000000e+06	-1.36317218566560e+01	-1.75044063345624e+02
8.33834000000000e+06	-1.36543807163894e+01	-1.75109369762035e+02
8.34835000000000e+06	-1.36770212228632e+01	-1.75174536496150e+02
8.35836000000000e+06	-1.36996433925206e+01	-1.75239563874329e+02
8.36837000000000e+06	-1.37222472417901e+01	-1.75304452221853e+02
8.37838000000000e+06	-1.37448327870953e+01	-1.75369201862934e+02
8.38839000000000e+06	-1.37674000448451e+01	-1.75433813120732e+02
8.39840000000000e+06	-1.37899490314425e+01	-1.75498286317330e+02
8.40841000000000e+06	-1.38124797632768e+01	-1.75562621773764e+02
8.41842000000000e+06	-1.38349922567291e+01	-1.75626819810015e+02
8.42843000000000e+06	-1.38574865281704e+01	-1.75690880745022e+02
8.43844000000000e+06	-1.38799625939568e+01	-1.75754804896690e+02
8.44845000000000e+06	-1.39024204704378e+01	-1.75818592581869e+02
8.45846000000000e+06	-1.39248601739500e+01	-1.75882244116393e+02
8.46847000000000e+06	-1.39472817208193e+01	-1.75945759815058e+02
8.47848000000000e+06	-1.39696851273592e+01	-1.76009139991642e+02
8.48849000000000e+06	-1.39920704098733e+01	-1.76072384958902e+02
8.49850000000000e+06	-1.40144375846511e+01	-1.76135495028577e+02
8.50851000000000e+06	-1.40367866679718e+01	-1.76198470511413e+02
8.51852000000000e+06	-1.40591176761041e+01	-1.76261311717128e+02
8.52853000000000e+06	-1.40814306253017e+01	-1.76324018954449e+02
8.53854000000000e+06	-1.41037255318072e+01	-1.76386592531115e+02
8.54855000000000e+06	-1.41260024118501e+01	-1.76449032753855e+02
8.55856000000000e+06	-1.41482612816514e+01	-1.76511339928417e+02
8.56857000000000e+06	-1.41705021574118e+01	-1.76573514359580e+02
8.57858000000000e+06	-1.41927250553259e+01	-1.76635556351124e+02
8.58859000000000e+06	-1.42149299915735e+01	-1.76697466205859e+02
8.59860000000000e+06	-1.42371169823204e+01	-1.76759244225620e+02
8.60861000000000e+06	-1.42592860437194e+01	-1.76820890711292e+02
8.61862000000000e+06	-1.42814371919108e+01	-1.76882405962783e+02
8.62863000000000e+06	-1.43035704430205e+01	-1.76943790279048e+02
8.63864000000000e+06	-1.43256858131620e+01	-1.77005043958083e+02
8.64865000000000e+06	-1.43477833184336e+01	-1.77066167296937e+02
8.65866000000000e+06	-1.43698629749207e+01	-1.77127160591719e+02
8.66867000000000e+06	-1.43919247986971e+01	-1.77188024137579e+02
8.67868000000000e+06	-1.44139688058189e+01	-1.77248758228747e+02
8.68869000000000e+06	-1.44359950123277e+01	-1.77309363158523e+02
8.69870000000000e+06	-1.44580034342548e+01	-1.77369839219258e+02
8.70871000000000e+06	-1.44799940876156e+01	-1.77430186702387e+02
8.71872000000000e+06	-1.45019669884094e+01	-1.77490405898422e+02
8.72873000000000e+06	-1.45239221526209e+01	-1.77550497096967e+02
8.73874000000000e+06	-1.45458595962244e+01	-1.77610460586694e+02
8.74875000000000e+06	-1.45677793351742e+01	-1.77670296655385e+02
8.75876000000000e+06	-1.45896813854131e+01	-1.77730005589901e+02
8.76877000000000e+06	-1.46115657628676e+01	-1.77789587676208e+02
8.77878000000000e+06	-1.46334324834485e+01	-1.77849043199374e+02
8.78879000000000e+06	-1.46552815630519e+01	-1.77908372443578e+02
8.79880000000000e+06	-1.46771130175610e+01	-1.77967575692094e+02
8.80881000000000e+06	-1.46989268628404e+01	-1.78026653227319e+02
8.81882000000000e+06	-1.47207231147414e+01	-1.78085605330772e+02
8.82883000000000e+06	-1.47425017890986e+01	-1.78144432283083e+02
8.83884000000000e+06	-1.47642629017305e+01	-1.78203134364019e+02
8.84885000000000e+06	-1.47860064684418e+01	-1.78261711852460e+02
8.85886000000000e+06	-1.48077325050215e+01	-1.78320165026433e+02
8.86887000000000e+06	-1.48294410272393e+01	-1.78378494163096e+02
8.87888000000000e+06	-1.48511320508521e+01	-1.78436699538743e+02
8.88889000000000e+06	-1.48728055916015e+01	-1.78494781428811e+02
8.89890000000000e+06	-1.48944616652101e+01	-1.78552740107897e+02
8.90891000000000e+06	-1.49161002873851e+01	-1.78610575849736e+02
8.91892000000000e+06	-1.49377214738191e+01	-1.78668288927223e+02
8.92893000000000e+06	-1.49593252401871e+01	-1.78725879612402e+02
8.93894000000000e+06	-1.49809116021480e+01	-1.78783348176493e+02
8.94895000000000e+06	-1.50024805753428e+01	-1.78840694889879e+02
8.95896000000000e+06	-1.50240321753991e+01	-1.78897920022095e+02
8.96897000000000e+06	-1.50455664179243e+01	-1.78955023841869e+02
8.97898000000000e+06	-1.50670833185126e+01	-1.79012006617091e+02
8.98899000000000e+06	-1.50885828927360e+01	-1.79068868614850e+02
8.99900000000000e+06	-1.51100651561578e+01	-1.79125610101384e+02
9.00901000000000e+06	-1.51315301243159e+01	-1.79182231342156e+02
9.01902000000000e+06	-1.51529778127371e+01	-1.79238732601785e+02
9.02903000000000e+06	-1.51744082369287e+01	-1.79295114144109e+02
9.03904000000000e+06	-1.51958214123809e+01	-1.79351376232143e+02
9.04905000000000e+06	-1.52172173545676e+01	-1.79407519128119e+02
9.05906000000000e+06	-1.52385960789445e+01	-1.79463543093463e+02
9.06907000000000e+06	-1.52599576009501e+01	-1.79519448388812e+02
9.07908000000000e+06	-1.52813019360081e+01	-1.79575235274001e+02
9.08909000000000e+06	-1.53026290995201e+01	-1.79630904008098e+02
9.09910000000000e+06	-1.53239391068734e+01	-1.79686454849375e+02
9.10911000000000e+06	-1.53452319734372e+01	-1.79741888055332e+02
9.11912000000000e+06	-1.53665077145635e+01	-1.79797203882679e+02
9.12913000000000e+06	-1.53877663455858e+01	-1.79852402587368e+02
9.13914000000000e+06	-1.54090078818193e+01	-1.79907484424575e+02
9.14915000000000e+06	-1.54302323385639e+01	-1.79962449648711e+02
9.15916000000000e+06	-1.54514397310997e+01	1.79982701486588e+02
9.16917000000000e+06	-1.54726300746886e+01	1.79927968728423e+02
9.17918000000000e+06	-1.54938033845767e+01	1.79873351824679e+02
9.18919000000000e+06	-1.55149596759899e+01	1.79818850523977e+02
9.19920000000000e+06	-1.55360989641379e+01	1.79764464575687e+02
9.20921000000000e+06	-1.55572212642106e+01	1.79710193729939e+02
9.21922000000000e+06	-1.55783265913803e+01	1.79656037737592e+02
9.22923000000000e+06	-1.55994149608037e+01	1.79601996350271e+02
9.23924000000000e+06	-1.56204863876155e+01	1.79548069320316e+02
9.24925000000000e+06	-1.56415408869347e+01	1.79494256400808e+02
9.25926000000000e+06	-1.56625784738611e+01	1.79440557345566e+02
9.26927000000000e+06	-1.56835991634752e+01	1.79386971909126e+02
9.27928000000000e+06	-1.57046029708419e+01	1.79333499846768e+02
9.28929000000000e+06	-1.57255899110066e+01	1.79280140914483e+02
9.29930000000000e+06	-1.57465599989933e+01	1.79226894868977e+02
9.30931000000000e+06	-1.57675132498117e+01	1.79173761467679e+02
9.31932000000000e+06	-1.57884496784507e+01	1.79120740468738e+02
9.32933000000000e+06	-1.58093692998821e+01	1.79067831631006e+02
9.33934000000000e+06	-1.58302721290575e+01	1.79015034714045e+02
9.34935000000000e+06	-1.58511581809120e+01	1.78962349478126e+02
9.35936000000000e+06	-1.58720274703591e+01	1.78909775684209e+02
9.36937000000000e+06	-1.58928800122958e+01	1.78857313093965e+02
9.37938000000000e+06	-1.59137158216004e+01	1.78804961469764e+02
9.38939000000000e+06	-1.59345349131332e+01	1.78752720574662e+02
9.39940000000000e+06	-1.59553373017312e+01	1.78700590172399e+02
9.40941000000000e+06	-1.59761230022194e+01	1.78648570027424e+02
9.41942000000000e+06	-1.59968920293977e+01	1.78596659904845e+02
9.42943000000000e+06	-1.60176443980529e+01	1.78544859570473e+02
9.43944000000000e+06	-1.60383801229471e+01	1.78493168790782e+02
9.44945000000000e+06	-1.60590992188282e+01	1.78441587332933e+02
9.45946000000000e+06	-1.60798017004224e+01	1.78390114964758e+02
9.46947000000000e+06	-1.61004875824388e+01	1.78338751454756e+02
9.47948000000000e+06	-1.61211568795663e+01	1.78287496572102e+02
9.48949000000000e+06	-1.61418096064760e+01	1.78236350086629e+02
9.49950000000000e+06	-1.61624457778177e+01	1.78185311768830e+02
9.50951000000000e+06	-1.61830654082228e+01	1.78134381389858e+02
9.51952000000000e+06	-1.62036685123075e+01	1.78083558721541e+02
9.52953000000000e+06	-1.62242551046641e+01	1.78032843536338e+02
9.53954000000000e+06	-1.62448251998669e+01	1.77982235607365e+02
9.54955000000000e+06	-1.62653788124727e+01	1.77931734708397e+02
9.55956000000000e+06	-1.62859159570182e+01	1.77881340613844e+02
9.56957000000000e+06	-1.63064366480198e+01	1.77831053098768e+02
9.57958000000000e+06	-1.63269408999777e+01	1.77780871938867e+02
9.58959000000000e+06	-1.63474287273694e+01	1.77730796910480e+02
9.59960000000000e+06	-1.63679001446545e+01	1.77680827790569e+02
9.60961000000000e+06	-1.63883551662761e+01	1.77630964356754e+02
9.61962000000000e+06	-1.64087938066541e+01	1.77581206387266e+02
9.62963000000000e+06	-1.64292160801889e+01	1.77531553660965e+02
9.63964000000000e+06	-1.64496220012671e+01	1.77482005957347e+02
9.64965000000000e+06	-1.64700115842505e+01	1.77432563056523e+02
9.65966000000000e+06	-1.64903848434829e+01	1.77383224739221e+02
9.66967000000000e+06	-1.65107417932901e+01	1.77333990786798e+02
9.67968000000000e+06	-1.65310824479776e+01	1.77284860981211e+02
9.68969000000000e+06	-1.65514068218319e+01	1.77235835105047e+02
9.69970000000000e+06	-1.65717149291210e+01	1.77186912941491e+02
9.70971000000000e+06	-1.65920067840905e+01	1.77138094274336e+02
9.71972000000000e+06	-1.66122824009693e+01	1.77089378887977e+02
9.72973000000000e+06	-1.66325417939697e+01	1.77040766567437e+02
9.73974000000000e+06	-1.66527849772770e+01	1.76992257098306e+02
9.74975000000000e+06	-1.66730119650628e+01	1.76943850266783e+02
9.75976000000000e+06	-1.66932227714782e+01	1.76895545859670e+02
9.76977000000000e+06	-1.67134174106560e+01	1.76847343664360e+02
9.77978000000000e+06	-1.67335958967057e+01	1.76799243468830e+02
9.78979000000000e+06	-1.67537582437227e+01	1.76751245061654e+02
9.79980000000000e+06	-1.67739044657778e+01	1.76703348231976e+02
9.80981000000000e+06	-1.67940345769247e+01	1.76655552769540e+02
9.81982000000000e+06	-1.68141485912016e+01	1.76607858464675e+02
9.82983000000000e+06	-1.68342465226190e+01	1.76560265108262e+02
9.83984000000000e+06	-1.68543283851754e+01	1.76512772491789e+02
9.84985000000000e+06	-1.68743941928440e+01	1.76465380407292e+02
9.85986000000000e+06	-1.68944439595848e+01	1.76418088647399e+02
9.86987000000000e+06	-1.69144776993340e+01	1.76370897005303e+02
9.87988000000000e+06	-1.69344954260077e+01	1.76323805274751e+02
9.88989000000000e+06	-1.69544971535074e+01	1.76276813250075e+02
9.89990000000000e+06	-1.69744828957093e+01	1.76229920726147e+02
9.90991000000000e+06	-1.69944526664757e+01	1.76183127498430e+02
9.91992000000000e+06	-1.70144064796441e+01	1.76136433362904e+02
9.92993000000000e+06	-1.70343443490358e+01	1.76089838116137e+02
9.93994000000000e+06	-1.70542662884539e+01	1.76043341555247e+02
9.94995000000000e+06	-1.70741723116786e+01	1.75996943477892e+02
9.95996000000000e+06	-1.70940624324727e+01	1.75950643682286e+02
9.96997000000000e+06	-1.71139366645786e+01	1.75904441967182e+02
9.97998000000000e+06	-1.71337950217214e+01	1.75858338131894e+02
9.98999000000000e+06	-1.71536375176046e+01	1.75812331976264e+02
1.00000000000000e+07	-1.71734641659126e+01	1.75766423300678e+02
