Freq.	Vvf
1.00000000000000e+01	5.88087632566611e+01	1.79994337143521e+02
1.00200000000000e+04	5.87165481528007e+01	1.74303190506996e+02
2.00300000000000e+04	5.84688089395360e+01	1.69142338049986e+02
3.00400000000000e+04	5.81280409748260e+01	1.64779094714003e+02
4.00500000000000e+04	5.77529299059362e+01	1.61211785651113e+02
5.00600000000000e+04	5.73819018519425e+01	1.58304827638005e+02
6.00700000000000e+04	5.70348784327833e+01	1.55895366823938e+02
7.00800000000000e+04	5.67197025614562e+01	1.53839694298652e+02
8.00900000000000e+04	5.64374239137314e+01	1.52025330720484e+02
9.01000000000000e+04	5.61856870822392e+01	1.50369565691320e+02
1.00110000000000e+05	5.59607057093420e+01	1.48813940595383e+02
1.10120000000000e+05	5.57583375450007e+01	1.47318340301693e+02
1.20130000000000e+05	5.55746233371168e+01	1.45855941007462e+02
1.30140000000000e+05	5.54060214604234e+01	1.44409287900435e+02
1.40150000000000e+05	5.52494791495597e+01	1.42967406632165e+02
1.50160000000000e+05	5.51024222265551e+01	1.41523742762636e+02
1.60170000000000e+05	5.49627088598591e+01	1.40074720947484e+02
1.70180000000000e+05	5.48285714446684e+01	1.38618750255507e+02
1.80190000000000e+05	5.46985585294493e+01	1.37155543118966e+02
1.90200000000000e+05	5.45714820745048e+01	1.35685651666375e+02
2.00210000000000e+05	5.44463718636551e+01	1.34210153367470e+02
2.10220000000000e+05	5.43224371867662e+01	1.32730438742233e+02
2.20230000000000e+05	5.41990351497521e+01	1.31248068638824e+02
2.30240000000000e+05	5.40756447072916e+01	1.29764678834717e+02
2.40250000000000e+05	5.39518454799096e+01	1.28281916827436e+02
2.50260000000000e+05	5.38273004996224e+01	1.26801400475323e+02
2.60270000000000e+05	5.37017421446037e+01	1.25324691475213e+02
2.70280000000000e+05	5.35749606471944e+01	1.23853278879251e+02
2.80290000000000e+05	5.34467946686206e+01	1.22388569403327e+02
2.90300000000000e+05	5.33171235371595e+01	1.20931882293627e+02
3.00310000000000e+05	5.31858608196280e+01	1.19484447259338e+02
3.10320000000000e+05	5.30529489701359e+01	1.18047404428839e+02
3.20330000000000e+05	5.29183548463634e+01	1.16621805647819e+02
3.30340000000000e+05	5.27820659323867e+01	1.15208616639628e+02
3.40350000000000e+05	5.26440871354427e+01	1.13808719719859e+02
3.50360000000000e+05	5.25044380538727e+01	1.12422916856168e+02
3.60370000000000e+05	5.23631506349373e+01	1.11051932918670e+02
3.70380000000000e+05	5.22202671554787e+01	1.09696419047485e+02
3.80390000000000e+05	5.20758384721039e+01	1.08356956069309e+02
3.90400000000000e+05	5.19299225021105e+01	1.07034057912487e+02
4.00410000000000e+05	5.17825828964782e+01	1.05728175009439e+02
4.10420000000000e+05	5.16338878807311e+01	1.04439697662117e+02
4.20430000000000e+05	5.14839092395826e+01	1.03168959351779e+02
4.30440000000000e+05	5.13327214265478e+01	1.01916239995686e+02
4.40450000000000e+05	5.11804007839630e+01	1.00681769132663e+02
4.50460000000000e+05	5.10270248597139e+01	9.94657290357334e+01
4.60470000000000e+05	5.08726718097610e+01	9.82682577465852e+01
4.70480000000000e+05	5.07174198777006e+01	9.70894520242258e+01
4.80490000000000e+05	5.05613469420800e+01	9.59293702075581e+01
4.90500000000000e+05	5.04045301258600e+01	9.47880349767538e+01
5.00510000000000e+05	5.02470454600390e+01	9.36654360282450e+01
5.10520000000000e+05	5.00889675975389e+01	9.25615326386524e+01
5.20530000000000e+05	4.99303695710533e+01	9.14762561301388e+01
5.30540000000000e+05	4.97713225909997e+01	9.04095122297439e+01
5.40550000000000e+05	4.96118958794600e+01	8.93611833181795e+01
5.50560000000000e+05	4.94521565360460e+01	8.83311305709412e+01
5.60570000000000e+05	4.92921694326168e+01	8.73191959930539e+01
5.70580000000000e+05	4.91319971334805e+01	8.63252043399788e+01
5.80590000000000e+05	4.89716998383721e+01	8.53489649368929e+01
5.90600000000000e+05	4.88113353455456e+01	8.43902733853097e+01
6.00610000000000e+05	4.86509590326083e+01	8.34489131683416e+01
6.10620000000000e+05	4.84906238527857e+01	8.25246571543559e+01
6.20630000000000e+05	4.83303803447789e+01	8.16172689986013e+01
6.30640000000000e+05	4.81702766543169e+01	8.07265044519425e+01
6.40650000000000e+05	4.80103585656970e+01	7.98521125736639e+01
6.50660000000000e+05	4.78506695419616e+01	7.89938368553045e+01
6.60670000000000e+05	4.76912507721374e+01	7.81514162630791e+01
6.70680000000000e+05	4.75321412245865e+01	7.73245861908291e+01
6.80690000000000e+05	4.73733777051131e+01	7.65130793437209e+01
6.90700000000000e+05	4.72149949190189e+01	7.57166265425641e+01
7.00710000000000e+05	4.70570255361689e+01	7.49349574612650e+01
7.10720000000000e+05	4.68995002583577e+01	7.41678012969849e+01
7.20730000000000e+05	4.67424478881435e+01	7.34148873796906e+01
7.30740000000000e+05	4.65858953987520e+01	7.26759457242421e+01
7.40750000000000e+05	4.64298680043830e+01	7.19507075260925e+01
7.50760000000000e+05	4.62743892305533e+01	7.12389056083016e+01
7.60770000000000e+05	4.61194809839695e+01	7.05402748226612e+01
7.70780000000000e+05	4.59651636217170e+01	6.98545524022380e+01
7.80790000000000e+05	4.58114560195453e+01	6.91814782799272e+01
7.90800000000000e+05	4.56583756386354e+01	6.85207953634997e+01
8.00810000000000e+05	4.55059385911712e+01	6.78722497793943e+01
8.10820000000000e+05	4.53541597042188e+01	6.72355910846786e+01
8.20830000000000e+05	4.52030525818306e+01	6.66105724483018e+01
8.30840000000000e+05	4.50526296652926e+01	6.59969508042478e+01
8.40850000000000e+05	4.49029022916337e+01	6.53944869850294e+01
8.50860000000000e+05	4.47538807499054e+01	6.48029458274129e+01
8.60870000000000e+05	4.46055743356511e+01	6.42220962581696e+01
8.70880000000000e+05	4.44579914033454e+01	6.36517113669088e+01
8.80890000000000e+05	4.43111394166642e+01	6.30915684531210e+01
8.90900000000000e+05	4.41650249969149e+01	6.25414490650046e+01
9.00910000000000e+05	4.40196539693969e+01	6.20011390221227e+01
9.10920000000000e+05	4.38750314077822e+01	6.14704284238323e+01
9.20930000000000e+05	4.37311616766080e+01	6.09491116499181e+01
9.30940000000000e+05	4.35880484718108e+01	6.04369873479879e+01
9.40950000000000e+05	4.34456948595015e+01	5.99338584135420e+01
9.50960000000000e+05	4.33041033129332e+01	5.94395319634314e+01
9.60970000000000e+05	4.31632757476218e+01	5.89538192984970e+01
9.70980000000000e+05	4.30232135549693e+01	5.84765358646378e+01
9.80990000000000e+05	4.28839176340744e+01	5.80075012037252e+01
9.91000000000000e+05	4.27453884220997e+01	5.75465389050109e+01
1.00101000000000e+06	4.26076259230554e+01	5.70934765468816e+01
1.01102000000000e+06	4.24706297352226e+01	5.66481456406496e+01
1.02103000000000e+06	4.23343990769896e+01	5.62103815653809e+01
1.03104000000000e+06	4.21989328116162e+01	5.57800235067377e+01
1.04105000000000e+06	4.20642294704805e+01	5.53569143880054e+01
1.05106000000000e+06	4.19302872752272e+01	5.49409008032554e+01
1.06107000000000e+06	4.17971041587806e+01	5.45318329483268e+01
1.07108000000000e+06	4.16646777850398e+01	5.41295645484617e+01
1.08109000000000e+06	4.15330055677477e+01	5.37339527889864e+01
1.09110000000000e+06	4.14020846881899e+01	5.33448582428012e+01
1.10111000000000e+06	4.12719121119883e+01	5.29621447989133e+01
1.11112000000000e+06	4.11424846049530e+01	5.25856795908135e+01
1.12113000000000e+06	4.10137987480444e+01	5.22153329246821e+01
1.13114000000000e+06	4.08858509514996e+01	5.18509782073786e+01
1.14115000000000e+06	4.07586374682299e+01	5.14924918768788e+01
1.15116000000000e+06	4.06321544064083e+01	5.11397533323118e+01
1.16117000000000e+06	4.05063977412612e+01	5.07926448622541e+01
1.17118000000000e+06	4.03813633263975e+01	5.04510515789201e+01
1.18119000000000e+06	4.02570469042545e+01	5.01148613483652e+01
1.19120000000000e+06	4.01334441161605e+01	4.97839647258350e+01
1.20121000000000e+06	4.00105505115829e+01	4.94582548875620e+01
1.21122000000000e+06	3.98883615570313e+01	4.91376275682579e+01
1.22123000000000e+06	3.97668726443064e+01	4.88219809963520e+01
1.23124000000000e+06	3.96460790983596e+01	4.85112158326726e+01
1.24125000000000e+06	3.95259761846162e+01	4.82052351090099e+01
1.25126000000000e+06	3.94065591158437e+01	4.79039441676692e+01
1.26127000000000e+06	3.92878230586941e+01	4.76072506036789e+01
1.27128000000000e+06	3.91697631397582e+01	4.73150642069972e+01
1.28129000000000e+06	3.90523744513100e+01	4.70272969066073e+01
1.29130000000000e+06	3.89356520566410e+01	4.67438627153137e+01
1.30131000000000e+06	3.88195909951303e+01	4.64646776764560e+01
1.31132000000000e+06	3.87041862869255e+01	4.61896598110751e+01
1.32133000000000e+06	3.85894329373942e+01	4.59187290675263e+01
1.33134000000000e+06	3.84753259412434e+01	4.56518072708080e+01
1.34135000000000e+06	3.83618602864044e+01	4.53888180746500e+01
1.35136000000000e+06	3.82490309576389e+01	4.51296869131988e+01
1.36137000000000e+06	3.81368329399384e+01	4.48743409553427e+01
1.37138000000000e+06	3.80252612216598e+01	4.46227090592244e+01
1.38139000000000e+06	3.79143107975300e+01	4.43747217287869e+01
1.39140000000000e+06	3.78039766713274e+01	4.41303110704574e+01
1.40141000000000e+06	3.76942538584916e+01	4.38894107516600e+01
1.41142000000000e+06	3.75851373884991e+01	4.36519559602645e+01
1.42143000000000e+06	3.74766223070529e+01	4.34178833647452e+01
1.43144000000000e+06	3.73687036781765e+01	4.31871310759326e+01
1.44145000000000e+06	3.72613765860959e+01	4.29596386094787e+01
1.45146000000000e+06	3.71546361370333e+01	4.27353468495368e+01
1.46147000000000e+06	3.70484774608359e+01	4.25141980130954e+01
1.47148000000000e+06	3.69428957124761e+01	4.22961356156132e+01
1.48149000000000e+06	3.68378860734665e+01	4.20811044372923e+01
1.49150000000000e+06	3.67334437531180e+01	4.18690504904138e+01
1.50151000000000e+06	3.66295639897315e+01	4.16599209876337e+01
1.51152000000000e+06	3.65262420517118e+01	4.14536643114292e+01
1.52153000000000e+06	3.64234732384834e+01	4.12502299831046e+01
1.53154000000000e+06	3.63212528814818e+01	4.10495686349282e+01
1.54155000000000e+06	3.62195763448835e+01	4.08516319801908e+01
1.55156000000000e+06	3.61184390264270e+01	4.06563727870204e+01
1.56157000000000e+06	3.60178363580196e+01	4.04637448502038e+01
1.57158000000000e+06	3.59177638063934e+01	4.02737029662246e+01
1.58159000000000e+06	3.58182168735939e+01	4.00862029069362e+01
1.59160000000000e+06	3.57191910975206e+01	3.99012013957248e+01
1.60161000000000e+06	3.56206820522588e+01	3.97186560823507e+01
1.61162000000000e+06	3.55226853485470e+01	3.95385255209249e+01
1.62163000000000e+06	3.54251966340155e+01	3.93607691460061e+01
1.63164000000000e+06	3.53282115935083e+01	3.91853472515320e+01
1.64165000000000e+06	3.52317259492745e+01	3.90122209683245e+01
1.65166000000000e+06	3.51357354612107e+01	3.88413522445809e+01
1.66167000000000e+06	3.50402359269219e+01	3.86727038237947e+01
1.67168000000000e+06	3.49452231819253e+01	3.85062392268643e+01
1.68169000000000e+06	3.48506930996722e+01	3.83419227315994e+01
1.69170000000000e+06	3.47566415916140e+01	3.81797193546381e+01
1.70171000000000e+06	3.46630646072103e+01	3.80195948330892e+01
1.71172000000000e+06	3.45699581339234e+01	3.78615156069142e+01
1.72173000000000e+06	3.44773181972010e+01	3.77054488020819e+01
1.73174000000000e+06	3.43851408603847e+01	3.75513622133778e+01
1.74175000000000e+06	3.42934222246337e+01	3.73992242882703e+01
1.75176000000000e+06	3.42021584288535e+01	3.72490041115452e+01
1.76177000000000e+06	3.41113456495408e+01	3.71006713895067e+01
1.77178000000000e+06	3.40209801006413e+01	3.69541964350509e+01
1.78179000000000e+06	3.39310580334258e+01	3.68095501534884e+01
1.79180000000000e+06	3.38415757362836e+01	3.66667040280021e+01
1.80181000000000e+06	3.37525295345327e+01	3.65256301057840e+01
1.81182000000000e+06	3.36639157902856e+01	3.63863009856715e+01
1.82183000000000e+06	3.35757309021201e+01	3.62486898033388e+01
1.83184000000000e+06	3.34879713049837e+01	3.61127702206162e+01
1.84185000000000e+06	3.34006334698592e+01	3.59785164114282e+01
1.85186000000000e+06	3.33137139035742e+01	3.58459030508817e+01
1.86187000000000e+06	3.32272091485214e+01	3.57149053029143e+01
1.87188000000000e+06	3.31411157824517e+01	3.55854988098267e+01
1.88189000000000e+06	3.30554304181242e+01	3.54576596800156e+01
1.89190000000000e+06	3.29701497030973e+01	3.53313644780430e+01
1.90191000000000e+06	3.28852703194286e+01	3.52065902139494e+01
1.91192000000000e+06	3.28007889833859e+01	3.50833143328261e+01
1.92193000000000e+06	3.27167024451571e+01	3.49615147051000e+01
1.93194000000000e+06	3.26330074885664e+01	3.48411696167115e+01
1.94195000000000e+06	3.25497009307709e+01	3.47222577598993e+01
1.95196000000000e+06	3.24667796219546e+01	3.46047582236136e+01
1.96197000000000e+06	3.23842404450224e+01	3.44886504848488e+01
1.97198000000000e+06	3.23020803153265e+01	3.43739144001439e+01
1.98199000000000e+06	3.22202961803054e+01	3.42605301965255e+01
1.99200000000000e+06	3.21388850192062e+01	3.41484784635114e+01
2.00201000000000e+06	3.20578438427876e+01	3.40377401454923e+01
2.01202000000000e+06	3.19771696929653e+01	3.39282965329870e+01
2.02203000000000e+06	3.18968596425200e+01	3.38201292556264e+01
2.03204000000000e+06	3.18169107948111e+01	3.37132202747401e+01
2.04205000000000e+06	3.17373202834204e+01	3.36075518757400e+01
2.05206000000000e+06	3.16580852718536e+01	3.35031066611578e+01
2.06207000000000e+06	3.15792029532341e+01	3.33998675437775e+01
2.07208000000000e+06	3.15006705499887e+01	3.32978177400533e+01
2.08209000000000e+06	3.14224853135227e+01	3.31969407632149e+01
2.09210000000000e+06	3.13446445239314e+01	3.30972204172632e+01
2.10211000000000e+06	3.12671454896629e+01	3.29986407903681e+01
2.11212000000000e+06	3.11899855472327e+01	3.29011862490309e+01
2.12213000000000e+06	3.11131620609034e+01	3.28048414321703e+01
2.13214000000000e+06	3.10366724223654e+01	3.27095912449127e+01
2.14215000000000e+06	3.09605140504874e+01	3.26154208539235e+01
2.15216000000000e+06	3.08846843909266e+01	3.25223156805769e+01
2.16217000000000e+06	3.08091809159178e+01	3.24302613968691e+01
2.17218000000000e+06	3.07340011238967e+01	3.23392439191879e+01
2.18219000000000e+06	3.06591425392647e+01	3.22492494039235e+01
2.19220000000000e+06	3.05846027120467e+01	3.21602642419740e+01
2.20221000000000e+06	3.05103792176371e+01	3.20722750543154e+01
2.21222000000000e+06	3.04364696564733e+01	3.19852686867867e+01
2.22223000000000e+06	3.03628716537846e+01	3.18992322060451e+01
2.23224000000000e+06	3.02895828592675e+01	3.18141528943958e+01
2.24225000000000e+06	3.02166009468315e+01	3.17300182458189e+01
2.25226000000000e+06	3.01439236143198e+01	3.16468159618213e+01
2.26227000000000e+06	3.00715485831959e+01	3.15645339465071e+01
2.27228000000000e+06	2.99994735983116e+01	3.14831603032985e+01
2.28229000000000e+06	2.99276964276080e+01	3.14026833304591e+01
2.29230000000000e+06	2.98562148618489e+01	3.13230915172548e+01
2.30231000000000e+06	2.97850267143456e+01	3.12443735400210e+01
2.31232000000000e+06	2.97141298207225e+01	3.11665182589578e+01
2.32233000000000e+06	2.96435220386144e+01	3.10895147138009e+01
2.33234000000000e+06	2.95732012474324e+01	3.10133521206778e+01
2.34235000000000e+06	2.95031653481072e+01	3.09380198686697e+01
2.35236000000000e+06	2.94334122628027e+01	3.08635075159498e+01
2.36237000000000e+06	2.93639399347177e+01	3.07898047871180e+01
2.37238000000000e+06	2.92947463277888e+01	3.07169015695034e+01
2.38239000000000e+06	2.92258294264629e+01	3.06447879100133e+01
2.39240000000000e+06	2.91571872354651e+01	3.05734540124013e+01
2.40241000000000e+06	2.90888177795344e+01	3.05028902337899e+01
2.41242000000000e+06	2.90207191032043e+01	3.04330870820605e+01
2.42243000000000e+06	2.89528892705618e+01	3.03640352127950e+01
2.43244000000000e+06	2.88853263650090e+01	3.02957254264103e+01
2.44245000000000e+06	2.88180284890388e+01	3.02281486655639e+01
2.45246000000000e+06	2.87509937640112e+01	3.01612960123781e+01
2.46247000000000e+06	2.86842203299183e+01	3.00951586857537e+01
2.47248000000000e+06	2.86177063451662e+01	3.00297280387377e+01
2.48249000000000e+06	2.85514499863696e+01	2.99649955563244e+01
2.49250000000000e+06	2.84854494481089e+01	2.99009528525603e+01
2.50251000000000e+06	2.84197029427398e+01	2.98375916683827e+01
2.51252000000000e+06	2.83542087001712e+01	2.97749038693145e+01
2.52253000000000e+06	2.82889649676480e+01	2.97128814428003e+01
2.53254000000000e+06	2.82239700095731e+01	2.96515164965893e+01
2.54255000000000e+06	2.81592221072659e+01	2.95908012557895e+01
2.55256000000000e+06	2.80947195587932e+01	2.95307280612286e+01
2.56257000000000e+06	2.80304606787446e+01	2.94712893670984e+01
2.57258000000000e+06	2.79664437980675e+01	2.94124777391303e+01
2.58259000000000e+06	2.79026672638372e+01	2.93542858522145e+01
2.59260000000000e+06	2.78391294390949e+01	2.92967064887749e+01
2.60261000000000e+06	2.77758287026319e+01	2.92397325364446e+01
2.61262000000000e+06	2.77127634488330e+01	2.91833569865969e+01
2.62263000000000e+06	2.76499320874768e+01	2.91275729323682e+01
2.63264000000000e+06	2.75873330435404e+01	2.90723735664294e+01
2.64265000000000e+06	2.75249647570442e+01	2.90177521798496e+01
2.65266000000000e+06	2.74628256828660e+01	2.89637021599614e+01
2.66267000000000e+06	2.74009142905590e+01	2.89102169887489e+01
2.67268000000000e+06	2.73392290641806e+01	2.88572902410335e+01
2.68269000000000e+06	2.72777685021342e+01	2.88049155832648e+01
2.69270000000000e+06	2.72165311169839e+01	2.87530867713695e+01
2.70271000000000e+06	2.71555154353038e+01	2.87017976496612e+01
2.71272000000000e+06	2.70947199974987e+01	2.86510421489778e+01
2.72273000000000e+06	2.70341433576585e+01	2.86008142853806e+01
2.73274000000000e+06	2.69737840833786e+01	2.85511081584825e+01
2.74275000000000e+06	2.69136407556208e+01	2.85019179502602e+01
2.75276000000000e+06	2.68537119685498e+01	2.84532379234802e+01
2.76277000000000e+06	2.67939963293750e+01	2.84050624202455e+01
2.77278000000000e+06	2.67344924582143e+01	2.83573858609932e+01
2.78279000000000e+06	2.66751989879180e+01	2.83102027425861e+01
2.79280000000000e+06	2.66161145639502e+01	2.82635076376433e+01
2.80281000000000e+06	2.65572378442217e+01	2.82172951927769e+01
2.81282000000000e+06	2.64985674989558e+01	2.81715601275683e+01
2.82283000000000e+06	2.64401022105453e+01	2.81262972333791e+01
2.83284000000000e+06	2.63818406734061e+01	2.80815013719443e+01
2.84285000000000e+06	2.63237815938501e+01	2.80371674745045e+01
2.85286000000000e+06	2.62659236899380e+01	2.79932905403126e+01
2.86287000000000e+06	2.62082656913481e+01	2.79498656357420e+01
2.87288000000000e+06	2.61508063392453e+01	2.79068878931102e+01
2.88289000000000e+06	2.60935443861513e+01	2.78643525096437e+01
2.89290000000000e+06	2.60364785958098e+01	2.78222547463282e+01
2.90291000000000e+06	2.59796077430535e+01	2.77805899267173e+01
2.91292000000000e+06	2.59229306136965e+01	2.77393534364055e+01
2.92293000000000e+06	2.58664460043894e+01	2.76985407214618e+01
2.93294000000000e+06	2.58101527225115e+01	2.76581472877913e+01
2.94295000000000e+06	2.57540495860372e+01	2.76181687000395e+01
2.95296000000000e+06	2.56981354234270e+01	2.75786005807257e+01
2.96297000000000e+06	2.56424090734995e+01	2.75394386091839e+01
2.97298000000000e+06	2.55868693853258e+01	2.75006785208167e+01
2.98299000000000e+06	2.55315152180974e+01	2.74623161059722e+01
2.99300000000000e+06	2.54763454410347e+01	2.74243472094079e+01
3.00301000000000e+06	2.54213589332563e+01	2.73867677290752e+01
3.01302000000000e+06	2.53665545836778e+01	2.73495736155648e+01
3.02303000000000e+06	2.53119312908987e+01	2.73127608709933e+01
3.03304000000000e+06	2.52574879630922e+01	2.72763255484734e+01
3.04305000000000e+06	2.52032235179081e+01	2.72402637511150e+01
3.05306000000000e+06	2.51491368823613e+01	2.72045716314426e+01
3.06307000000000e+06	2.50952269927182e+01	2.71692453902413e+01
3.07308000000000e+06	2.50414927944187e+01	2.71342812763612e+01
3.08309000000000e+06	2.49879332419565e+01	2.70996755855735e+01
3.09310000000000e+06	2.49345472987721e+01	2.70654246598175e+01
3.10311000000000e+06	2.48813339371824e+01	2.70315248868075e+01
3.11312000000000e+06	2.48282921382542e+01	2.69979726990147e+01
3.12313000000000e+06	2.47754208917327e+01	2.69647645732513e+01
3.13314000000000e+06	2.47227191959242e+01	2.69318970297115e+01
3.14315000000000e+06	2.46701860576165e+01	2.68993666315495e+01
3.15316000000000e+06	2.46178204919870e+01	2.68671699841247e+01
3.16317000000000e+06	2.45656215225081e+01	2.68353037344066e+01
3.17318000000000e+06	2.45135881808491e+01	2.68037645701886e+01
3.18319000000000e+06	2.44617195068028e+01	2.67725492197501e+01
3.19320000000000e+06	2.44100145481910e+01	2.67416544510334e+01
3.20321000000000e+06	2.43584723607699e+01	2.67110770711227e+01
3.21322000000000e+06	2.43070920081592e+01	2.66808139256749e+01
3.22323000000000e+06	2.42558725617470e+01	2.66508618983198e+01
3.23324000000000e+06	2.42048131006119e+01	2.66212179101100e+01
3.24325000000000e+06	2.41539127114380e+01	2.65918789189710e+01
3.25326000000000e+06	2.41031704884310e+01	2.65628419191418e+01
3.26327000000000e+06	2.40525855332477e+01	2.65341039406862e+01
3.27328000000000e+06	2.40021569549125e+01	2.65056620489656e+01
3.28329000000000e+06	2.39518838697241e+01	2.64775133439454e+01
3.29330000000000e+06	2.39017654012105e+01	2.64496549600804e+01
3.30331000000000e+06	2.38518006800122e+01	2.64220840652425e+01
3.31332000000000e+06	2.38019888438483e+01	2.63947978609495e+01
3.32333000000000e+06	2.37523290374148e+01	2.63677935812498e+01
3.33334000000000e+06	2.37028204123179e+01	2.63410684926220e+01
3.34335000000000e+06	2.36534621270028e+01	2.63146198932675e+01
3.35336000000000e+06	2.36042533466853e+01	2.62884451129371e+01
3.36337000000000e+06	2.35551932432725e+01	2.62625415121493e+01
3.37338000000000e+06	2.35062809953045e+01	2.62369064821506e+01
3.38339000000000e+06	2.34575157878739e+01	2.62115374440289e+01
3.39340000000000e+06	2.34088968125692e+01	2.61864318486993e+01
3.40341000000000e+06	2.33604232673995e+01	2.61615871762812e+01
3.41342000000000e+06	2.33120943567267e+01	2.61370009355914e+01
3.42343000000000e+06	2.32639092912057e+01	2.61126706639330e+01
3.43344000000000e+06	2.32158672877176e+01	2.60885939266135e+01
3.44345000000000e+06	2.31679675693129e+01	2.60647683167419e+01
3.45346000000000e+06	2.31202093651287e+01	2.60411914543384e+01
3.46347000000000e+06	2.30725919103463e+01	2.60178609865296e+01
3.47348000000000e+06	2.30251144461202e+01	2.59947745868565e+01
3.48349000000000e+06	2.29777762195212e+01	2.59719299550165e+01
3.49350000000000e+06	2.29305764834719e+01	2.59493248164247e+01
3.50351000000000e+06	2.28835144966935e+01	2.59269569220171e+01
3.51352000000000e+06	2.28365895236394e+01	2.59048240476687e+01
3.52353000000000e+06	2.27898008344427e+01	2.58829239940459e+01
3.53354000000000e+06	2.27431477048560e+01	2.58612545861828e+01
3.54355000000000e+06	2.26966294162015e+01	2.58398136732091e+01
3.55356000000000e+06	2.26502452553047e+01	2.58185991279536e+01
3.56357000000000e+06	2.26039945144486e+01	2.57976088466693e+01
3.57358000000000e+06	2.25578764913099e+01	2.57768407486731e+01
3.58359000000000e+06	2.25118904889218e+01	2.57562927761957e+01
3.59360000000000e+06	2.24660358155930e+01	2.57359628937537e+01
3.60361000000000e+06	2.24203117848901e+01	2.57158490882067e+01
3.61362000000000e+06	2.23747177155524e+01	2.56959493681953e+01
3.62363000000000e+06	2.23292529314612e+01	2.56762617640330e+01
3.63364000000000e+06	2.22839167615865e+01	2.56567843273450e+01
3.64365000000000e+06	2.22387085399322e+01	2.56375151307623e+01
3.65366000000000e+06	2.21936276054815e+01	2.56184522675739e+01
3.66367000000000e+06	2.21486733021676e+01	2.55995938517579e+01
3.67368000000000e+06	2.21038449788031e+01	2.55809380173355e+01
3.68369000000000e+06	2.20591419890436e+01	2.55624829183257e+01
3.69370000000000e+06	2.20145636913419e+01	2.55442267284367e+01
3.70371000000000e+06	2.19701094488961e+01	2.55261676408499e+01
3.71372000000000e+06	2.19257786296017e+01	2.55083038677547e+01
3.72373000000000e+06	2.18815706060232e+01	2.54906336406422e+01
3.73374000000000e+06	2.18374847553212e+01	2.54731552092781e+01
3.74375000000000e+06	2.17935204592282e+01	2.54558668420493e+01
3.75376000000000e+06	2.17496771040025e+01	2.54387668256284e+01
3.76377000000000e+06	2.17059540803799e+01	2.54218534645825e+01
3.77378000000000e+06	2.16623507835300e+01	2.54051250812546e+01
3.78379000000000e+06	2.16188666130182e+01	2.53885800154508e+01
3.79380000000000e+06	2.15755009727667e+01	2.53722166244351e+01
3.80381000000000e+06	2.15322532709956e+01	2.53560332822713e+01
3.81382000000000e+06	2.14891229202091e+01	2.53400283802096e+01
3.82383000000000e+06	2.14461093371312e+01	2.53242003259414e+01
3.83384000000000e+06	2.14032119426793e+01	2.53085475437004e+01
3.84385000000000e+06	2.13604301619175e+01	2.52930684739133e+01
3.85386000000000e+06	2.13177634240234e+01	2.52777615730284e+01
3.86387000000000e+06	2.12752111622448e+01	2.52626253133822e+01
3.87388000000000e+06	2.12327728138678e+01	2.52476581829340e+01
3.88389000000000e+06	2.11904478201649e+01	2.52328586850859e+01
3.89390000000000e+06	2.11482356263755e+01	2.52182253384404e+01
3.90391000000000e+06	2.11061356816578e+01	2.52037566767521e+01
3.91392000000000e+06	2.10641474390577e+01	2.51894512485840e+01
3.92393000000000e+06	2.10222703554700e+01	2.51753076173046e+01
3.93394000000000e+06	2.09805038915979e+01	2.51613243606148e+01
3.94395000000000e+06	2.09388475119279e+01	2.51475000706853e+01
3.95396000000000e+06	2.08973006846909e+01	2.51338333538494e+01
3.96397000000000e+06	2.08558628818268e+01	2.51203228304122e+01
3.97398000000000e+06	2.08145335789462e+01	2.51069671345294e+01
3.98399000000000e+06	2.07733122553050e+01	2.50937649139185e+01
3.99400000000000e+06	2.07321983937659e+01	2.50807148298599e+01
4.00401000000000e+06	2.06911914807699e+01	2.50678155570185e+01
4.01402000000000e+06	2.06502910062950e+01	2.50550657830944e+01
4.02403000000000e+06	2.06094964638362e+01	2.50424642089354e+01
4.03404000000000e+06	2.05688073503611e+01	2.50300095481096e+01
4.04405000000000e+06	2.05282231662897e+01	2.50177005270110e+01
4.05406000000000e+06	2.04877434154530e+01	2.50055358845115e+01
4.06407000000000e+06	2.04473676050716e+01	2.49935143718813e+01
4.07408000000000e+06	2.04070952457170e+01	2.49816347526731e+01
4.08409000000000e+06	2.03669258512888e+01	2.49698958025379e+01
4.09410000000000e+06	2.03268589389826e+01	2.49582963091277e+01
4.10411000000000e+06	2.02868940292561e+01	2.49468350718827e+01
4.11412000000000e+06	2.02470306458044e+01	2.49355109019082e+01
4.12413000000000e+06	2.02072683155316e+01	2.49243226219621e+01
4.13414000000000e+06	2.01676065685178e+01	2.49132690661016e+01
4.14415000000000e+06	2.01280449379981e+01	2.49023490797102e+01
4.15416000000000e+06	2.00885829603284e+01	2.48915615193942e+01
4.16417000000000e+06	2.00492201749592e+01	2.48809052526308e+01
4.17418000000000e+06	2.00099561244150e+01	2.48703791579893e+01
4.18419000000000e+06	1.99707903542527e+01	2.48599821246107e+01
4.19420000000000e+06	1.99317224130521e+01	2.48497130524838e+01
4.20421000000000e+06	1.98927518523762e+01	2.48395708519652e+01
4.21422000000000e+06	1.98538782267515e+01	2.48295544438371e+01
4.22423000000000e+06	1.98151010936412e+01	2.48196627592247e+01
4.23424000000000e+06	1.97764200134214e+01	2.48098947394069e+01
4.24425000000000e+06	1.97378345493485e+01	2.48002493357139e+01
4.25426000000000e+06	1.96993442675458e+01	2.47907255093538e+01
4.26427000000000e+06	1.96609487369695e+01	2.47813222315271e+01
4.27428000000000e+06	1.96226475293823e+01	2.47720384828668e+01
4.28429000000000e+06	1.95844402193438e+01	2.47628732539022e+01
4.29430000000000e+06	1.95463263841718e+01	2.47538255445189e+01
4.30431000000000e+06	1.95083056039206e+01	2.47448943639847e+01
4.31432000000000e+06	1.94703774613664e+01	2.47360787309049e+01
4.32433000000000e+06	1.94325415419786e+01	2.47273776730581e+01
4.33434000000000e+06	1.93947974338873e+01	2.47187902272383e+01
4.34435000000000e+06	1.93571447278828e+01	2.47103154393552e+01
4.35436000000000e+06	1.93195830173714e+01	2.47019523640431e+01
4.36437000000000e+06	1.92821118983628e+01	2.46937000647984e+01
4.37438000000000e+06	1.92447309694511e+01	2.46855576138135e+01
4.38439000000000e+06	1.92074398317894e+01	2.46775240918807e+01
4.39440000000000e+06	1.91702380890621e+01	2.46695985881996e+01
4.40441000000000e+06	1.91331253474780e+01	2.46617802004585e+01
4.41442000000000e+06	1.90961012157324e+01	2.46540680346356e+01
4.42443000000000e+06	1.90591653049996e+01	2.46464612048819e+01
4.43444000000000e+06	1.90223172289064e+01	2.46389588335312e+01
4.44445000000000e+06	1.89855566035156e+01	2.46315600509682e+01
4.45446000000000e+06	1.89488830472951e+01	2.46242639954586e+01
4.46447000000000e+06	1.89122961811163e+01	2.46170698132571e+01
4.47448000000000e+06	1.88757956282131e+01	2.46099766583052e+01
4.48449000000000e+06	1.88393810141763e+01	2.46029836922066e+01
4.49450000000000e+06	1.88030519669333e+01	2.45960900842846e+01
4.50451000000000e+06	1.87668081167229e+01	2.45892950113795e+01
4.51452000000000e+06	1.87306490960833e+01	2.45825976577152e+01
4.52453000000000e+06	1.86945745398262e+01	2.45759972149817e+01
4.53454000000000e+06	1.86585840850204e+01	2.45694928820895e+01
4.54455000000000e+06	1.86226773709794e+01	2.45630838651837e+01
4.55456000000000e+06	1.85868540392339e+01	2.45567693776072e+01
4.56457000000000e+06	1.85511137335198e+01	2.45505486396872e+01
4.57458000000000e+06	1.85154560997575e+01	2.45444208787959e+01
4.58459000000000e+06	1.84798807860403e+01	2.45383853292482e+01
4.59460000000000e+06	1.84443874426035e+01	2.45324412321358e+01
4.60461000000000e+06	1.84089757218219e+01	2.45265878353464e+01
4.61462000000000e+06	1.83736452781835e+01	2.45208243935055e+01
4.62463000000000e+06	1.83383957682750e+01	2.45151501678014e+01
4.63464000000000e+06	1.83032268507665e+01	2.45095644260537e+01
4.64465000000000e+06	1.82681381863924e+01	2.45040664425523e+01
4.65466000000000e+06	1.82331294379357e+01	2.44986554980029e+01
4.66467000000000e+06	1.81982002702136e+01	2.44933308794830e+01
4.67468000000000e+06	1.81633503500582e+01	2.44880918803656e+01
4.68469000000000e+06	1.81285793463042e+01	2.44829378003026e+01
4.69470000000000e+06	1.80938869297639e+01	2.44778679449550e+01
4.70471000000000e+06	1.80592727732292e+01	2.44728816262770e+01
4.71472000000000e+06	1.80247365514358e+01	2.44679781621511e+01
4.72473000000000e+06	1.79902779410623e+01	2.44631568764688e+01
4.73474000000000e+06	1.79558966207082e+01	2.44584170990245e+01
4.74475000000000e+06	1.79215922708815e+01	2.44537581654863e+01
4.75476000000000e+06	1.78873645739814e+01	2.44491794172752e+01
4.76477000000000e+06	1.78532132142855e+01	2.44446802016553e+01
4.77478000000000e+06	1.78191378779378e+01	2.44402598714616e+01
4.78479000000000e+06	1.77851382529225e+01	2.44359177851449e+01
4.79480000000000e+06	1.77512140290702e+01	2.44316533068688e+01
4.80481000000000e+06	1.77173648980197e+01	2.44274658061130e+01
4.81482000000000e+06	1.76835905532235e+01	2.44233546579830e+01
4.82483000000000e+06	1.76498906899212e+01	2.44193192428031e+01
4.83484000000000e+06	1.76162650051362e+01	2.44153589464491e+01
4.84485000000000e+06	1.75827131976531e+01	2.44114731599105e+01
4.85486000000000e+06	1.75492349680035e+01	2.44076612795044e+01
4.86487000000000e+06	1.75158300184668e+01	2.44039227067217e+01
4.87488000000000e+06	1.74824980530342e+01	2.44002568481517e+01
4.88489000000000e+06	1.74492387774203e+01	2.43966631155992e+01
4.89490000000000e+06	1.74160518990283e+01	2.43931409257145e+01
4.90491000000000e+06	1.73829371269501e+01	2.43896897002562e+01
4.91492000000000e+06	1.73498941719501e+01	2.43863088658553e+01
4.92493000000000e+06	1.73169227464541e+01	2.43829978540914e+01
4.93494000000000e+06	1.72840225645319e+01	2.43797561013598e+01
4.94495000000000e+06	1.72511933418866e+01	2.43765830487786e+01
4.95496000000000e+06	1.72184347958501e+01	2.43734781423187e+01
4.96497000000000e+06	1.71857466453589e+01	2.43704408326042e+01
4.97498000000000e+06	1.71531286109473e+01	2.43674705748460e+01
4.98499000000000e+06	1.71205804147397e+01	2.43645668289336e+01
4.99500000000000e+06	1.70881017804330e+01	2.43617290593821e+01
5.00501000000000e+06	1.70556924332836e+01	2.43589567350416e+01
5.01502000000000e+06	1.70233521001040e+01	2.43562493294089e+01
5.02503000000000e+06	1.69910805092424e+01	2.43536063203189e+01
5.03504000000000e+06	1.69588773905741e+01	2.43510271900241e+01
5.04505000000000e+06	1.69267424754966e+01	2.43485114251225e+01
5.05506000000000e+06	1.68946754969056e+01	2.43460585165042e+01
5.06507000000000e+06	1.68626761891974e+01	2.43436679593639e+01
5.07508000000000e+06	1.68307442882448e+01	2.43413392530061e+01
5.08509000000000e+06	1.67988795313990e+01	2.43390719010681e+01
5.09510000000000e+06	1.67670816574712e+01	2.43368654112362e+01
5.10511000000000e+06	1.67353504067190e+01	2.43347192952945e+01
5.11512000000000e+06	1.67036855208478e+01	2.43326330691539e+01
5.12513000000000e+06	1.66720867429868e+01	2.43306062526613e+01
5.13514000000000e+06	1.66405538176866e+01	2.43286383697447e+01
5.14515000000000e+06	1.66090864909074e+01	2.43267289482207e+01
5.15516000000000e+06	1.65776845100075e+01	2.43248775198098e+01
5.16517000000000e+06	1.65463476237320e+01	2.43230836201458e+01
5.17518000000000e+06	1.65150755822077e+01	2.43213467886809e+01
5.18519000000000e+06	1.64838681369299e+01	2.43196665687126e+01
5.19520000000000e+06	1.64527250407516e+01	2.43180425072306e+01
5.20521000000000e+06	1.64216460478702e+01	2.43164741549557e+01
5.21522000000000e+06	1.63906309138332e+01	2.43149610664279e+01
5.22523000000000e+06	1.63596793955057e+01	2.43135027996795e+01
5.23524000000000e+06	1.63287912510849e+01	2.43120989165147e+01
5.24525000000000e+06	1.62979662400690e+01	2.43107489822319e+01
5.25526000000000e+06	1.62672041232640e+01	2.43094525657647e+01
5.26527000000000e+06	1.62365046627621e+01	2.43082092395008e+01
5.27528000000000e+06	1.62058676219459e+01	2.43070185793883e+01
5.28529000000000e+06	1.61752927654651e+01	2.43058801648098e+01
5.29530000000000e+06	1.61447798592403e+01	2.43047935785773e+01
5.30531000000000e+06	1.61143286704433e+01	2.43037584069292e+01
5.31532000000000e+06	1.60839389674970e+01	2.43027742394405e+01
5.32533000000000e+06	1.60536105200594e+01	2.43018406690071e+01
5.33534000000000e+06	1.60233430990193e+01	2.43009572918975e+01
5.34535000000000e+06	1.59931364764873e+01	2.43001237076137e+01
5.35536000000000e+06	1.59629904257863e+01	2.42993395188992e+01
5.36537000000000e+06	1.59329047214439e+01	2.42986043317393e+01
5.37538000000000e+06	1.59028791391818e+01	2.42979177552703e+01
5.38539000000000e+06	1.58729134559093e+01	2.42972794018364e+01
5.39540000000000e+06	1.58430074497154e+01	2.42966888868906e+01
5.40541000000000e+06	1.58131608998591e+01	2.42961458289372e+01
5.41542000000000e+06	1.57833735867672e+01	2.42956498496765e+01
5.42543000000000e+06	1.57536452920137e+01	2.42952005737402e+01
5.43544000000000e+06	1.57239757983242e+01	2.42947976288416e+01
5.44545000000000e+06	1.56943648895623e+01	2.42944406456619e+01
5.45546000000000e+06	1.56648123507208e+01	2.42941292578361e+01
5.46547000000000e+06	1.56353179679194e+01	2.42938631019675e+01
5.47548000000000e+06	1.56058815283917e+01	2.42936418175629e+01
5.48549000000000e+06	1.55765028204784e+01	2.42934650470141e+01
5.49550000000000e+06	1.55471816336218e+01	2.42933324355397e+01
5.50551000000000e+06	1.55179177583569e+01	2.42932436312554e+01
5.51552000000000e+06	1.54887109863059e+01	2.42931982850673e+01
5.52553000000000e+06	1.54595611101661e+01	2.42931960506264e+01
5.53554000000000e+06	1.54304679237072e+01	2.42932365843954e+01
5.54555000000000e+06	1.54014312217640e+01	2.42933195455359e+01
5.55556000000000e+06	1.53724508002238e+01	2.42934445959224e+01
5.56557000000000e+06	1.53435264560272e+01	2.42936114001591e+01
5.57558000000000e+06	1.53146579871568e+01	2.42938196254928e+01
5.58559000000000e+06	1.52858451926293e+01	2.42940689417786e+01
5.59560000000000e+06	1.52570878724857e+01	2.42943590214860e+01
5.60561000000000e+06	1.52283858277998e+01	2.42946895398000e+01
5.61562000000000e+06	1.51997388606459e+01	2.42950601743223e+01
5.62563000000000e+06	1.51711467741176e+01	2.42954706052538e+01
5.63564000000000e+06	1.51426093723040e+01	2.42959205153831e+01
5.64565000000000e+06	1.51141264602898e+01	2.42964095899552e+01
5.65566000000000e+06	1.50856978441456e+01	2.42969375166467e+01
5.66567000000000e+06	1.50573233309302e+01	2.42975039856867e+01
5.67568000000000e+06	1.50290027286676e+01	2.42981086897179e+01
5.68569000000000e+06	1.50007358463579e+01	2.42987513237791e+01
5.69570000000000e+06	1.49725224939596e+01	2.42994315853073e+01
5.70571000000000e+06	1.49443624823879e+01	2.43001491741653e+01
5.71572000000000e+06	1.49162556235070e+01	2.43009037924853e+01
5.72573000000000e+06	1.48882017301270e+01	2.43016951448587e+01
5.73574000000000e+06	1.48602006159905e+01	2.43025229380723e+01
5.74575000000000e+06	1.48322520957732e+01	2.43033868812739e+01
5.75576000000000e+06	1.48043559850774e+01	2.43042866858774e+01
5.76577000000000e+06	1.47765121004212e+01	2.43052220655618e+01
5.77578000000000e+06	1.47487202592371e+01	2.43061927362063e+01
5.78579000000000e+06	1.47209802798645e+01	2.43071984159515e+01
5.79580000000000e+06	1.46932919815454e+01	2.43082388251558e+01
5.80581000000000e+06	1.46656551844131e+01	2.43093136862794e+01
5.81582000000000e+06	1.46380697094932e+01	2.43104227240500e+01
5.82583000000000e+06	1.46105353786952e+01	2.43115656652246e+01
5.83584000000000e+06	1.45830520148055e+01	2.43127422387736e+01
5.84585000000000e+06	1.45556194414820e+01	2.43139521757254e+01
5.85586000000000e+06	1.45282374832535e+01	2.43151952092750e+01
5.86587000000000e+06	1.45009059655037e+01	2.43164710745804e+01
5.87588000000000e+06	1.44736247144797e+01	2.43177795089417e+01
5.88589000000000e+06	1.44463935572707e+01	2.43191202516512e+01
5.89590000000000e+06	1.44192123218161e+01	2.43204930440571e+01
5.90591000000000e+06	1.43920808368954e+01	2.43218976294464e+01
5.91592000000000e+06	1.43649989321175e+01	2.43233337531885e+01
5.92593000000000e+06	1.43379664379236e+01	2.43248011625392e+01
5.93594000000000e+06	1.43109831855778e+01	2.43262996067292e+01
5.94595000000000e+06	1.42840490071651e+01	2.43278288369773e+01
5.95596000000000e+06	1.42571637355765e+01	2.43293886063628e+01
5.96597000000000e+06	1.42303272045203e+01	2.43309786698961e+01
5.97598000000000e+06	1.42035392485009e+01	2.43325987844645e+01
5.98599000000000e+06	1.41767997028246e+01	2.43342487088577e+01
5.99600000000000e+06	1.41501084035898e+01	2.43359282036886e+01
6.00601000000000e+06	1.41234651876786e+01	2.43376370313989e+01
6.01602000000000e+06	1.40968698927648e+01	2.43393749563484e+01
6.02603000000000e+06	1.40703223572939e+01	2.43411417446082e+01
6.03604000000000e+06	1.40438224204844e+01	2.43429371640498e+01
6.04605000000000e+06	1.40173699223290e+01	2.43447609844269e+01
6.05606000000000e+06	1.39909647035774e+01	2.43466129771490e+01
6.06607000000000e+06	1.39646066057451e+01	2.43484929154633e+01
6.07608000000000e+06	1.39382954710944e+01	2.43504005742900e+01
6.08609000000000e+06	1.39120311426449e+01	2.43523357303247e+01
6.09610000000000e+06	1.38858134641556e+01	2.43542981619277e+01
6.10611000000000e+06	1.38596422801300e+01	2.43562876491825e+01
6.11612000000000e+06	1.38335174358034e+01	2.43583039738455e+01
6.12613000000000e+06	1.38074387771448e+01	2.43603469193629e+01
6.13614000000000e+06	1.37814061508516e+01	2.43624162707939e+01
6.14615000000000e+06	1.37554194043431e+01	2.43645118149102e+01
6.15616000000000e+06	1.37294783857530e+01	2.43666333400139e+01
6.16617000000000e+06	1.37035829439327e+01	2.43687806360969e+01
6.17618000000000e+06	1.36777329284422e+01	2.43709534947317e+01
6.18619000000000e+06	1.36519281895431e+01	2.43731517090533e+01
6.19620000000000e+06	1.36261685782050e+01	2.43753750738329e+01
6.20621000000000e+06	1.36004539460866e+01	2.43776233853398e+01
6.21622000000000e+06	1.35747841455424e+01	2.43798964414453e+01
6.22623000000000e+06	1.35491590296143e+01	2.43821940414980e+01
6.23624000000000e+06	1.35235784520275e+01	2.43845159864326e+01
6.24625000000000e+06	1.34980422671903e+01	2.43868620786904e+01
6.25626000000000e+06	1.34725503301814e+01	2.43892321221281e+01
6.26627000000000e+06	1.34471024967559e+01	2.43916259222371e+01
6.27628000000000e+06	1.34216986233338e+01	2.43940432858567e+01
6.28629000000000e+06	1.33963385669990e+01	2.43964840213759e+01
6.29630000000000e+06	1.33710221854960e+01	2.43989479385620e+01
6.30631000000000e+06	1.33457493372260e+01	2.44014348486762e+01
6.31632000000000e+06	1.33205198812380e+01	2.44039445644221e+01
6.32633000000000e+06	1.32953336772337e+01	2.44064768998671e+01
6.33634000000000e+06	1.32701905855554e+01	2.44090316705576e+01
6.34635000000000e+06	1.32450904671886e+01	2.44116086933193e+01
6.35636000000000e+06	1.32200331837511e+01	2.44142077864835e+01
6.36637000000000e+06	1.31950185974999e+01	2.44168287697200e+01
6.37638000000000e+06	1.31700465713156e+01	2.44194714640197e+01
6.38639000000000e+06	1.31451169687022e+01	2.44221356917636e+01
6.39640000000000e+06	1.31202296537937e+01	2.44248212766845e+01
6.40641000000000e+06	1.30953844913349e+01	2.44275280437923e+01
6.41642000000000e+06	1.30705813466861e+01	2.44302558194696e+01
6.42643000000000e+06	1.30458200858196e+01	2.44330044313812e+01
6.43644000000000e+06	1.30211005753156e+01	2.44357737085420e+01
6.44645000000000e+06	1.29964226823555e+01	2.44385634811400e+01
6.45646000000000e+06	1.29717862747233e+01	2.44413735807659e+01
6.46647000000000e+06	1.29471912207964e+01	2.44442038401988e+01
6.47648000000000e+06	1.29226373895470e+01	2.44470540935481e+01
6.48649000000000e+06	1.28981246505396e+01	2.44499241760976e+01
6.49650000000000e+06	1.28736528739215e+01	2.44528139244002e+01
6.50651000000000e+06	1.28492219304206e+01	2.44557231762474e+01
6.51652000000000e+06	1.28248316913506e+01	2.44586517706400e+01
6.52653000000000e+06	1.28004820285962e+01	2.44615995477796e+01
6.53654000000000e+06	1.27761728146193e+01	2.44645663491311e+01
6.54655000000000e+06	1.27519039224431e+01	2.44675520171840e+01
6.55656000000000e+06	1.27276752256703e+01	2.44705563958790e+01
6.56657000000000e+06	1.27034865984528e+01	2.44735793300500e+01
6.57658000000000e+06	1.26793379155104e+01	2.44766206658728e+01
6.58659000000000e+06	1.26552290521167e+01	2.44796802506133e+01
6.59660000000000e+06	1.26311598841016e+01	2.44827579326965e+01
6.60661000000000e+06	1.26071302878390e+01	2.44858535616705e+01
6.61662000000000e+06	1.25831401402561e+01	2.44889669882321e+01
6.62663000000000e+06	1.25591893188199e+01	2.44920980641579e+01
6.63664000000000e+06	1.25352777015410e+01	2.44952466423982e+01
6.64665000000000e+06	1.25114051669665e+01	2.44984125769386e+01
6.65666000000000e+06	1.24875715941782e+01	2.45015957228884e+01
6.66667000000000e+06	1.24637768627901e+01	2.45047959364705e+01
6.67668000000000e+06	1.24400208529428e+01	2.45080130748992e+01
6.68669000000000e+06	1.24163034453074e+01	2.45112469965554e+01
6.69670000000000e+06	1.23926245210714e+01	2.45144975608384e+01
6.70671000000000e+06	1.23689839619484e+01	2.45177646281417e+01
6.71672000000000e+06	1.23453816501632e+01	2.45210480599932e+01
6.72673000000000e+06	1.23218174684592e+01	2.45243477189195e+01
6.73674000000000e+06	1.22982913000866e+01	2.45276634684453e+01
6.74675000000000e+06	1.22748030288095e+01	2.45309951731694e+01
6.75676000000000e+06	1.22513525388891e+01	2.45343426986449e+01
6.76677000000000e+06	1.22279397150985e+01	2.45377059114729e+01
6.77678000000000e+06	1.22045644427036e+01	2.45410846792414e+01
6.78679000000000e+06	1.21812266074711e+01	2.45444788705043e+01
6.79680000000000e+06	1.21579260956612e+01	2.45478883548241e+01
6.80681000000000e+06	1.21346627940226e+01	2.45513130027017e+01
6.81682000000000e+06	1.21114365897966e+01	2.45547526856490e+01
6.82683000000000e+06	1.20882473707101e+01	2.45582072760967e+01
6.83684000000000e+06	1.20650950249694e+01	2.45616766474464e+01
6.84685000000000e+06	1.20419794412679e+01	2.45651606740501e+01
6.85686000000000e+06	1.20189005087705e+01	2.45686592311724e+01
6.86687000000000e+06	1.19958581171229e+01	2.45721721950149e+01
6.87688000000000e+06	1.19728521564413e+01	2.45756994427145e+01
6.88689000000000e+06	1.19498825173103e+01	2.45792408523208e+01
6.89690000000000e+06	1.19269490907846e+01	2.45827963027618e+01
6.90691000000000e+06	1.19040517683843e+01	2.45863656739369e+01
6.91692000000000e+06	1.18811904420903e+01	2.45899488465481e+01
6.92693000000000e+06	1.18583650043438e+01	2.45935457022489e+01
6.93694000000000e+06	1.18355753480446e+01	2.45971561235792e+01
6.94695000000000e+06	1.18128213665478e+01	2.46007799939003e+01
6.95696000000000e+06	1.17901029536583e+01	2.46044171974841e+01
6.96697000000000e+06	1.17674200036319e+01	2.46080676194366e+01
6.97698000000000e+06	1.17447724111757e+01	2.46117311457543e+01
6.98699000000000e+06	1.17221600714380e+01	2.46154076632642e+01
6.99700000000000e+06	1.16995828800096e+01	2.46190970595724e+01
7.00701000000000e+06	1.16770407329256e+01	2.46227992232399e+01
7.01702000000000e+06	1.16545335266550e+01	2.46265140435713e+01
7.02703000000000e+06	1.16320611581058e+01	2.46302414107367e+01
7.03704000000000e+06	1.16096235246157e+01	2.46339812156765e+01
7.04705000000000e+06	1.15872205239576e+01	2.46377333501872e+01
7.05706000000000e+06	1.15648520543295e+01	2.46414977068507e+01
7.06707000000000e+06	1.15425180143564e+01	2.46452741790356e+01
7.07708000000000e+06	1.15202183030902e+01	2.46490626609361e+01
7.08709000000000e+06	1.14979528200024e+01	2.46528630475049e+01
7.09710000000000e+06	1.14757214649819e+01	2.46566752344606e+01
7.10711000000000e+06	1.14535241383396e+01	2.46604991183305e+01
7.11712000000000e+06	1.14313607407981e+01	2.46643345964406e+01
7.12713000000000e+06	1.14092311734957e+01	2.46681815667834e+01
7.13714000000000e+06	1.13871353379774e+01	2.46720399281709e+01
7.14715000000000e+06	1.13650731361997e+01	2.46759095801686e+01
7.15716000000000e+06	1.13430444705267e+01	2.46797904230742e+01
7.16717000000000e+06	1.13210492437245e+01	2.46836823579496e+01
7.17718000000000e+06	1.12990873589594e+01	2.46875852865350e+01
7.18719000000000e+06	1.12771587198024e+01	2.46914991113609e+01
7.19720000000000e+06	1.12552632302177e+01	2.46954237356723e+01
7.20721000000000e+06	1.12334007945702e+01	2.46993590633779e+01
7.21722000000000e+06	1.12115713176136e+01	2.47033049991665e+01
7.22723000000000e+06	1.11897747044968e+01	2.47072614484136e+01
7.23724000000000e+06	1.11680108607571e+01	2.47112283171897e+01
7.24725000000000e+06	1.11462796923173e+01	2.47152055122136e+01
7.25726000000000e+06	1.11245811054893e+01	2.47191929410274e+01
7.26727000000000e+06	1.11029150069653e+01	2.47231905117166e+01
7.27728000000000e+06	1.10812813038216e+01	2.47271981331471e+01
7.28729000000000e+06	1.10596799035123e+01	2.47312157148100e+01
7.29730000000000e+06	1.10381107138696e+01	2.47352431669125e+01
7.30731000000000e+06	1.10165736431014e+01	2.47392804002592e+01
7.31732000000000e+06	1.09950685997888e+01	2.47433273264003e+01
7.32733000000000e+06	1.09735954928836e+01	2.47473838574640e+01
7.33734000000000e+06	1.09521542317103e+01	2.47514499062926e+01
7.34735000000000e+06	1.09307447259598e+01	2.47555253863622e+01
7.35736000000000e+06	1.09093668856877e+01	2.47596102117557e+01
7.36737000000000e+06	1.08880206213125e+01	2.47637042972080e+01
7.37738000000000e+06	1.08667058436207e+01	2.47678075581356e+01
7.38739000000000e+06	1.08454224637533e+01	2.47719199105277e+01
7.39740000000000e+06	1.08241703932122e+01	2.47760412710214e+01
7.40741000000000e+06	1.08029495438545e+01	2.47801715568251e+01
7.41742000000000e+06	1.07817598278945e+01	2.47843106858659e+01
7.42743000000000e+06	1.07606011578978e+01	2.47884585765711e+01
7.43744000000000e+06	1.07394734467818e+01	2.47926151480751e+01
7.44745000000000e+06	1.07183766078111e+01	2.47967803199743e+01
7.45746000000000e+06	1.06973105546004e+01	2.48009540126223e+01
7.46747000000000e+06	1.06762752011126e+01	2.48051361468672e+01
7.47748000000000e+06	1.06552704616484e+01	2.48093266441645e+01
7.48749000000000e+06	1.06342962508542e+01	2.48135254265324e+01
7.49750000000000e+06	1.06133524837169e+01	2.48177324166349e+01
7.50751000000000e+06	1.05924390755644e+01	2.48219475376515e+01
7.51752000000000e+06	1.05715559420558e+01	2.48261707133208e+01
7.52753000000000e+06	1.05507029991911e+01	2.48304018680087e+01
7.53754000000000e+06	1.05298801633036e+01	2.48346409266114e+01
7.54755000000000e+06	1.05090873510555e+01	2.48388878145807e+01
7.55756000000000e+06	1.04883244794415e+01	2.48431424578994e+01
7.56757000000000e+06	1.04675914657837e+01	2.48474047831450e+01
7.57758000000000e+06	1.04468882277346e+01	2.48516747174353e+01
7.58759000000000e+06	1.04262146832668e+01	2.48559521883885e+01
7.59760000000000e+06	1.04055707506811e+01	2.48602371242163e+01
7.60761000000000e+06	1.03849563485991e+01	2.48645294536234e+01
7.61762000000000e+06	1.03643713959623e+01	2.48688291058893e+01
7.62763000000000e+06	1.03438158120322e+01	2.48731360107475e+01
7.63764000000000e+06	1.03232895163858e+01	2.48774500984972e+01
7.64765000000000e+06	1.03027924289179e+01	2.48817712999862e+01
7.65766000000000e+06	1.02823244698368e+01	2.48860995465328e+01
7.66767000000000e+06	1.02618855596635e+01	2.48904347699921e+01
7.67768000000000e+06	1.02414756192291e+01	2.48947769027121e+01
7.68769000000000e+06	1.02210945696746e+01	2.48991258775315e+01
7.69770000000000e+06	1.02007423324508e+01	2.49034816277836e+01
7.70771000000000e+06	1.01804188293122e+01	2.49078440873915e+01
7.71772000000000e+06	1.01601239823205e+01	2.49122131906518e+01
7.72773000000000e+06	1.01398577138394e+01	2.49165888724129e+01
7.73774000000000e+06	1.01196199465355e+01	2.49209710679570e+01
7.74775000000000e+06	1.00994106033750e+01	2.49253597131650e+01
7.75776000000000e+06	1.00792296076241e+01	2.49297547442222e+01
7.76777000000000e+06	1.00590768828449e+01	2.49341560979698e+01
7.77778000000000e+06	1.00389523528966e+01	2.49385637115693e+01
7.78779000000000e+06	1.00188559419339e+01	2.49429775227570e+01
7.79780000000000e+06	9.99878757440316e+00	2.49473974696941e+01
7.80781000000000e+06	9.97874717504173e+00	2.49518234909567e+01
7.81782000000000e+06	9.95873466887915e+00	2.49562555256714e+01
7.82783000000000e+06	9.93874998123466e+00	2.49606935133618e+01
7.83784000000000e+06	9.91879303771108e+00	2.49651373940026e+01
7.84785000000000e+06	9.89886376420108e+00	2.49695871080277e+01
7.85786000000000e+06	9.87896208687890e+00	2.49740425963397e+01
7.86787000000000e+06	9.85908793220445e+00	2.49785038002355e+01
7.87788000000000e+06	9.83924122691990e+00	2.49829706614916e+01
7.88789000000000e+06	9.81942189804507e+00	2.49874431223019e+01
7.89790000000000e+06	9.79962987287971e+00	2.49919211252758e+01
7.90791000000000e+06	9.77986507900400e+00	2.49964046134863e+01
7.91792000000000e+06	9.76012744427338e+00	2.50008935304028e+01
7.92793000000000e+06	9.74041689681570e+00	2.50053878199403e+01
7.93794000000000e+06	9.72073336503657e+00	2.50098874264205e+01
7.94795000000000e+06	9.70107677761130e+00	2.50143922945790e+01
7.95796000000000e+06	9.68144706348695e+00	2.50189023695987e+01
7.96797000000000e+06	9.66184415188133e+00	2.50234175970209e+01
7.97798000000000e+06	9.64226797228027e+00	2.50279379228115e+01
7.98799000000000e+06	9.62271845443740e+00	2.50324632933685e+01
7.99800000000000e+06	9.60319552837074e+00	2.50369936554669e+01
8.00801000000000e+06	9.58369912436496e+00	2.50415289562879e+01
8.01802000000000e+06	9.56422917296627e+00	2.50460691434012e+01
8.02803000000000e+06	9.54478560498417e+00	2.50506141647809e+01
8.03804000000000e+06	9.52536835149106e+00	2.50551639687794e+01
8.04805000000000e+06	9.50597734381353e+00	2.50597185041480e+01
8.05806000000000e+06	9.48661251354385e+00	2.50642777200209e+01
8.06807000000000e+06	9.46727379252408e+00	2.50688415659012e+01
8.07808000000000e+06	9.44796111285857e+00	2.50734099916988e+01
8.08809000000000e+06	9.42867440690245e+00	2.50779829476746e+01
8.09810000000000e+06	9.40941360726715e+00	2.50825603844659e+01
8.10811000000000e+06	9.39017864681225e+00	2.50871422530863e+01
8.11812000000000e+06	9.37096945865368e+00	2.50917285049219e+01
8.12813000000000e+06	9.35178597615492e+00	2.50963190917332e+01
8.13814000000000e+06	9.33262813292741e+00	2.51009139656343e+01
8.14815000000000e+06	9.31349586282988e+00	2.51055130790572e+01
8.15816000000000e+06	9.29438909997297e+00	2.51101163848723e+01
8.16817000000000e+06	9.27530777870399e+00	2.51147238362497e+01
8.17818000000000e+06	9.25625183361975e+00	2.51193353867222e+01
8.18819000000000e+06	9.23722119956096e+00	2.51239509901764e+01
8.19820000000000e+06	9.21821581160711e+00	2.51285706008652e+01
8.20821000000000e+06	9.19923560507839e+00	2.51331941733590e+01
8.21822000000000e+06	9.18028051553852e+00	2.51378216625597e+01
8.22823000000000e+06	9.16135047878473e+00	2.51424530237756e+01
8.23824000000000e+06	9.14244543085307e+00	2.51470882125704e+01
8.24825000000000e+06	9.12356530801907e+00	2.51517271848838e+01
8.25826000000000e+06	9.10471004678922e+00	2.51563698970087e+01
8.26827000000000e+06	9.08587958390679e+00	2.51610163055175e+01
8.27828000000000e+06	9.06707385634502e+00	2.51656663673466e+01
8.28829000000000e+06	9.04829280131244e+00	2.51703200397617e+01
8.29830000000000e+06	9.02953635624701e+00	2.51749772803384e+01
8.30831000000000e+06	9.01080445881544e+00	2.51796380469637e+01
8.31832000000000e+06	8.99209704691309e+00	2.51843022978528e+01
8.32833000000000e+06	8.97341405866710e+00	2.51889699915458e+01
8.33834000000000e+06	8.95475543242294e+00	2.51936410868873e+01
8.34835000000000e+06	8.93612110675992e+00	2.51983155430430e+01
8.35836000000000e+06	8.91751102047762e+00	2.52029933194669e+01
8.36837000000000e+06	8.89892511259804e+00	2.52076743759398e+01
8.37838000000000e+06	8.88036332236774e+00	2.52123586725586e+01
8.38839000000000e+06	8.86182558925457e+00	2.52170461697049e+01
8.39840000000000e+06	8.84331185294550e+00	2.52217368280327e+01
8.40841000000000e+06	8.82482205334942e+00	2.52264306085606e+01
8.41842000000000e+06	8.80635613058850e+00	2.52311274725680e+01
8.42843000000000e+06	8.78791402500649e+00	2.52358273816003e+01
8.43844000000000e+06	8.76949567716340e+00	2.52405302975626e+01
8.44845000000000e+06	8.75110102783322e+00	2.52452361825881e+01
8.45846000000000e+06	8.73273001800318e+00	2.52499449991336e+01
8.46847000000000e+06	8.71438258887502e+00	2.52546567099104e+01
8.47848000000000e+06	8.69605868186440e+00	2.52593712779477e+01
8.48849000000000e+06	8.67775823859595e+00	2.52640886665521e+01
8.49850000000000e+06	8.65948120090754e+00	2.52688088392881e+01
8.50851000000000e+06	8.64122751084102e+00	2.52735317600088e+01
8.51852000000000e+06	8.62299711065434e+00	2.52782573928620e+01
8.52853000000000e+06	8.60478994280731e+00	2.52829857022384e+01
8.53854000000000e+06	8.58660594996679e+00	2.52877166528128e+01
8.54855000000000e+06	8.56844507501043e+00	2.52924502095261e+01
8.55856000000000e+06	8.55030726101553e+00	2.52971863376149e+01
8.56857000000000e+06	8.53219245126357e+00	2.53019250025545e+01
8.57858000000000e+06	8.51410058924072e+00	2.53066661700790e+01
8.58859000000000e+06	8.49603161863625e+00	2.53114098061870e+01
8.59860000000000e+06	8.47798548333636e+00	2.53161558771687e+01
8.60861000000000e+06	8.45996212743145e+00	2.53209043495360e+01
8.61862000000000e+06	8.44196149520830e+00	2.53256551900750e+01
8.62863000000000e+06	8.42398353115464e+00	2.53304083658306e+01
8.63864000000000e+06	8.40602817995453e+00	2.53351638440587e+01
8.64865000000000e+06	8.38809538648767e+00	2.53399215923567e+01
8.65866000000000e+06	8.37018509583240e+00	2.53446815784847e+01
8.66867000000000e+06	8.35229725325715e+00	2.53494437704732e+01
8.67868000000000e+06	8.33443180422890e+00	2.53542081366188e+01
8.68869000000000e+06	8.31658869440405e+00	2.53589746454365e+01
8.69870000000000e+06	8.29876786963707e+00	2.53637432657163e+01
8.70871000000000e+06	8.28096927596498e+00	2.53685139664438e+01
8.71872000000000e+06	8.26319285962397e+00	2.53732867168967e+01
8.72873000000000e+06	8.24543856703366e+00	2.53780614865378e+01
8.73874000000000e+06	8.22770634480624e+00	2.53828382451038e+01
8.74875000000000e+06	8.20999613974026e+00	2.53876169625405e+01
8.75876000000000e+06	8.19230789882227e+00	2.53923976090472e+01
8.76877000000000e+06	8.17464156922336e+00	2.53971801550283e+01
8.77878000000000e+06	8.15699709830243e+00	2.54019645711247e+01
8.78879000000000e+06	8.13937443360332e+00	2.54067508282319e+01
8.79880000000000e+06	8.12177352284873e+00	2.54115388974401e+01
8.80881000000000e+06	8.10419431395118e+00	2.54163287500614e+01
8.81882000000000e+06	8.08663675500176e+00	2.54211203576521e+01
8.82883000000000e+06	8.06910079427290e+00	2.54259136919547e+01
8.83884000000000e+06	8.05158638021967e+00	2.54307087249949e+01
8.84885000000000e+06	8.03409346147320e+00	2.54355054289236e+01
8.85886000000000e+06	8.01662198684760e+00	2.54403037761986e+01
8.86887000000000e+06	7.99917190533319e+00	2.54451037394393e+01
8.87888000000000e+06	7.98174316609905e+00	2.54499052914678e+01
8.88889000000000e+06	7.96433571848915e+00	2.54547084053571e+01
8.89890000000000e+06	7.94694951202518e+00	2.54595130543781e+01
8.90891000000000e+06	7.92958449640264e+00	2.54643192119895e+01
8.91892000000000e+06	7.91224062149226e+00	2.54691268518696e+01
8.92893000000000e+06	7.89491783733723e+00	2.54739359479252e+01
8.93894000000000e+06	7.87761609415502e+00	2.54787464742060e+01
8.94895000000000e+06	7.86033534233328e+00	2.54835584050462e+01
8.95896000000000e+06	7.84307553243393e+00	2.54883717149001e+01
8.96897000000000e+06	7.82583661518700e+00	2.54931863784703e+01
8.97898000000000e+06	7.80861854149208e+00	2.54980023706404e+01
8.98899000000000e+06	7.79142126242023e+00	2.55028196665016e+01
8.99900000000000e+06	7.77424472921009e+00	2.55076382413164e+01
9.00901000000000e+06	7.75708889326538e+00	2.55124580705805e+01
9.01902000000000e+06	7.73995370616044e+00	2.55172791299673e+01
9.02903000000000e+06	7.72283911963236e+00	2.55221013952986e+01
9.03904000000000e+06	7.70574508558644e+00	2.55269248426258e+01
9.04905000000000e+06	7.68867155609191e+00	2.55317494481898e+01
9.05906000000000e+06	7.67161848338078e+00	2.55365751884056e+01
9.06907000000000e+06	7.65458581985080e+00	2.55414020398976e+01
9.07908000000000e+06	7.63757351805931e+00	2.55462299794139e+01
9.08909000000000e+06	7.62058153072873e+00	2.55510589839803e+01
9.09910000000000e+06	7.60360981074007e+00	2.55558890306799e+01
9.10911000000000e+06	7.58665831113663e+00	2.55607200969195e+01
9.11912000000000e+06	7.56972698512011e+00	2.55655521601523e+01
9.12913000000000e+06	7.55281578605041e+00	2.55703851980993e+01
9.13914000000000e+06	7.53592466745116e+00	2.55752191886109e+01
9.14915000000000e+06	7.51905358299774e+00	2.55800541097103e+01
9.15916000000000e+06	7.50220248652555e+00	2.55848899396669e+01
9.16917000000000e+06	7.48537133202630e+00	2.55897266568046e+01
9.17918000000000e+06	7.46856007364596e+00	2.55945642397155e+01
9.18919000000000e+06	7.45176866568758e+00	2.55994026671114e+01
9.19920000000000e+06	7.43499706260696e+00	2.56042419178874e+01
9.20921000000000e+06	7.41824521901256e+00	2.56090819711039e+01
9.21922000000000e+06	7.40151308967251e+00	2.56139228060126e+01
9.22923000000000e+06	7.38480062949938e+00	2.56187644019818e+01
9.23924000000000e+06	7.36810779356032e+00	2.56236067385560e+01
9.24925000000000e+06	7.35143453707587e+00	2.56284497954876e+01
9.25926000000000e+06	7.33478081541338e+00	2.56332935526508e+01
9.26927000000000e+06	7.31814658409438e+00	2.56381379900739e+01
9.27928000000000e+06	7.30153179878458e+00	2.56429830879614e+01
9.28929000000000e+06	7.28493641530256e+00	2.56478288266622e+01
9.29930000000000e+06	7.26836038961302e+00	2.56526751866983e+01
9.30931000000000e+06	7.25180367782769e+00	2.56575221487587e+01
9.31932000000000e+06	7.23526623620673e+00	2.56623696936567e+01
9.32933000000000e+06	7.21874802115321e+00	2.56672178023517e+01
9.33934000000000e+06	7.20224898921948e+00	2.56720664559938e+01
9.34935000000000e+06	7.18576909710008e+00	2.56769156358472e+01
9.35936000000000e+06	7.16930830163523e+00	2.56817653233663e+01
9.36937000000000e+06	7.15286655980742e+00	2.56866155001172e+01
9.37938000000000e+06	7.13644382874317e+00	2.56914661478297e+01
9.38939000000000e+06	7.12004006571189e+00	2.56963172483793e+01
9.39940000000000e+06	7.10365522812322e+00	2.57011687837808e+01
9.40941000000000e+06	7.08728927352930e+00	2.57060207362184e+01
9.41942000000000e+06	7.07094215962352e+00	2.57108730879699e+01
9.42943000000000e+06	7.05461384423686e+00	2.57157258215213e+01
9.43944000000000e+06	7.03830428534284e+00	2.57205789194440e+01
9.44945000000000e+06	7.02201344105095e+00	2.57254323644686e+01
9.45946000000000e+06	7.00574126961057e+00	2.57302861394926e+01
9.46947000000000e+06	6.98948772940972e+00	2.57351402274850e+01
9.47948000000000e+06	6.97325277897111e+00	2.57399946116386e+01
9.48949000000000e+06	6.95703637695615e+00	2.57448492751977e+01
9.49950000000000e+06	6.94083848216107e+00	2.57497042016247e+01
9.50951000000000e+06	6.92465905351814e+00	2.57545593744333e+01
9.51952000000000e+06	6.90849805009417e+00	2.57594147773287e+01
9.52953000000000e+06	6.89235543109040e+00	2.57642703941529e+01
9.53954000000000e+06	6.87623115584141e+00	2.57691262088268e+01
9.54955000000000e+06	6.86012518381693e+00	2.57739822054499e+01
9.55956000000000e+06	6.84403747461513e+00	2.57788383682174e+01
9.56957000000000e+06	6.82796798797103e+00	2.57836946814806e+01
9.57958000000000e+06	6.81191668374967e+00	2.57885511297073e+01
9.58959000000000e+06	6.79588352194426e+00	2.57934076975017e+01
9.59960000000000e+06	6.77986846268153e+00	2.57982643695791e+01
9.60961000000000e+06	6.76387146621832e+00	2.58031211307698e+01
9.61962000000000e+06	6.74789249293834e+00	2.58079779660496e+01
9.62963000000000e+06	6.73193150335585e+00	2.58128348605130e+01
9.63964000000000e+06	6.71598845811507e+00	2.58176917994062e+01
9.64965000000000e+06	6.70006331798435e+00	2.58225487680038e+01
9.65966000000000e+06	6.68415604386022e+00	2.58274057518070e+01
9.66967000000000e+06	6.66826659676960e+00	2.58322627363762e+01
9.67968000000000e+06	6.65239493786071e+00	2.58371197074119e+01
9.68969000000000e+06	6.63654102841108e+00	2.58419766507123e+01
9.69970000000000e+06	6.62070482982010e+00	2.58468335522159e+01
9.70971000000000e+06	6.60488630361518e+00	2.58516903979705e+01
9.71972000000000e+06	6.58908541144611e+00	2.58565471741442e+01
9.72973000000000e+06	6.57330211508631e+00	2.58614038669778e+01
9.73974000000000e+06	6.55753637643284e+00	2.58662604628938e+01
9.74975000000000e+06	6.54178815750407e+00	2.58711169483634e+01
9.75976000000000e+06	6.52605742044375e+00	2.58759733100247e+01
9.76977000000000e+06	6.51034412751285e+00	2.58808295345898e+01
9.77978000000000e+06	6.49464824109727e+00	2.58856856088827e+01
9.78979000000000e+06	6.47896972370068e+00	2.58905415198409e+01
9.79980000000000e+06	6.46330853794965e+00	2.58953972545458e+01
9.80981000000000e+06	6.44766464658852e+00	2.59002528001369e+01
9.81982000000000e+06	6.43203801248186e+00	2.59051081438740e+01
9.82983000000000e+06	6.41642859861086e+00	2.59099632731133e+01
9.83984000000000e+06	6.40083636807735e+00	2.59148181753694e+01
9.84985000000000e+06	6.38526128409942e+00	2.59196728382029e+01
9.85986000000000e+06	6.36970331001460e+00	2.59245272492982e+01
9.86987000000000e+06	6.35416240927357e+00	2.59293813964500e+01
9.87988000000000e+06	6.33863854544612e+00	2.59342352675426e+01
9.88989000000000e+06	6.32313168221746e+00	2.59390888505416e+01
9.89990000000000e+06	6.30764178338653e+00	2.59439421335942e+01
9.90991000000000e+06	6.29216881286974e+00	2.59487951048509e+01
9.91992000000000e+06	6.27671273469579e+00	2.59536477526194e+01
9.92993000000000e+06	6.26127351300814e+00	2.59585000652830e+01
9.93994000000000e+06	6.24585111206442e+00	2.59633520313233e+01
9.94995000000000e+06	6.23044549623427e+00	2.59682036393381e+01
9.95996000000000e+06	6.21505662999981e+00	2.59730548779870e+01
9.96997000000000e+06	6.19968447795660e+00	2.59779057360633e+01
9.97998000000000e+06	6.18432900481034e+00	2.59827562024427e+01
9.98999000000000e+06	6.16899017537918e+00	2.59876062660828e+01
1.00000000000000e+07	6.15366795459234e+00	2.59924559160455e+01
