Freq.	Vvf)
1.00000000000000e+01	5.47680914721529e+01	1.79996953548335e+02
1.00200000000000e+04	5.47580859106905e+01	1.76871533791777e+02
2.00300000000000e+04	5.47282398515960e+01	1.73758365180550e+02
3.00400000000000e+04	5.46789393001990e+01	1.70669209601468e+02
4.00500000000000e+04	5.46108087210405e+01	1.67615284568028e+02
5.00600000000000e+04	5.45246847643558e+01	1.64606924792057e+02
6.00700000000000e+04	5.44215827420996e+01	1.61653374839935e+02
7.00800000000000e+04	5.43026585387168e+01	1.58762643399614e+02
8.00900000000000e+04	5.41691687207393e+01	1.55941421231300e+02
9.01000000000000e+04	5.40224313794519e+01	1.53195059454342e+02
1.00110000000000e+05	5.38637897926413e+01	1.50527600613252e+02
1.10120000000000e+05	5.36945804080117e+01	1.47941852319006e+02
1.20130000000000e+05	5.35161060478867e+01	1.45439492141010e+02
1.30140000000000e+05	5.33296146827285e+01	1.43021192611759e+02
1.40150000000000e+05	5.31362836698335e+01	1.40686756347696e+02
1.50160000000000e+05	5.29372090308683e+01	1.38435252974638e+02
1.60170000000000e+05	5.27333991361665e+01	1.36265151473144e+02
1.70180000000000e+05	5.25257720637989e+01	1.34174443457365e+02
1.80190000000000e+05	5.23151558924798e+01	1.32160754545292e+02
1.90200000000000e+05	5.21022912215582e+01	1.30221442405811e+02
2.00210000000000e+05	5.18878352948140e+01	1.28353681101001e+02
2.10220000000000e+05	5.16723671957467e+01	1.26554532124389e+02
2.20230000000000e+05	5.14563936799628e+01	1.24821003043300e+02
2.30240000000000e+05	5.12403553051074e+01	1.23150094934945e+02
2.40250000000000e+05	5.10246325995846e+01	1.21538839958156e+02
2.50260000000000e+05	5.08095520842397e+01	1.19984330408071e+02
2.60270000000000e+05	5.05953920172813e+01	1.18483740563700e+02
2.70280000000000e+05	5.03823877809015e+01	1.17034342520345e+02
2.80290000000000e+05	5.01707368621003e+01	1.15633517087259e+02
2.90300000000000e+05	4.99606034078855e+01	1.14278760686691e+02
3.00310000000000e+05	4.97521223530461e+01	1.12967689070481e+02
3.10320000000000e+05	4.95454031337855e+01	1.11698038526449e+02
3.20330000000000e+05	4.93405330075501e+01	1.10467665152235e+02
3.30340000000000e+05	4.91375800050875e+01	1.09274542672191e+02
3.40350000000000e+05	4.89365955452205e+01	1.08116759163306e+02
3.50360000000000e+05	4.87376167409831e+01	1.06992513018401e+02
3.60370000000000e+05	4.85406684275485e+01	1.05900108386074e+02
3.70380000000000e+05	4.83457649407832e+01	1.04837950279131e+02
3.80390000000000e+05	4.81529116728869e+01	1.03804539511080e+02
3.90400000000000e+05	4.79621064303789e+01	1.02798467573450e+02
4.00410000000000e+05	4.77733406171541e+01	1.01818411544599e+02
4.10420000000000e+05	4.75866002630462e+01	1.00863129101034e+02
4.20430000000000e+05	4.74018669170447e+01	9.99314536693561e+01
4.30440000000000e+05	4.72191184212818e+01	9.90222897615743e+01
4.40450000000000e+05	4.70383295806597e+01	9.81346085152920e+01
4.50460000000000e+05	4.68594727414764e+01	9.72674434464082e+01
4.60470000000000e+05	4.66825182902233e+01	9.64198864295915e+01
4.70480000000000e+05	4.65074350830519e+01	9.55910839007140e+01
4.80490000000000e+05	4.63341908146853e+01	9.47802332827032e+01
4.90500000000000e+05	4.61627523345002e+01	9.39865796326346e+01
5.00510000000000e+05	4.59930859169249e+01	9.32094124956214e+01
5.10520000000000e+05	4.58251574918920e+01	9.24480629634787e+01
5.20530000000000e+05	4.56589328407461e+01	9.17019009242940e+01
5.30540000000000e+05	4.54943777619586e+01	9.09703324998902e+01
5.40550000000000e+05	4.53314582109810e+01	9.02527976498325e+01
5.50560000000000e+05	4.51701404173726e+01	8.95487679427198e+01
5.60570000000000e+05	4.50103909823920e+01	8.88577444798114e+01
5.70580000000000e+05	4.48521769596678e+01	8.81792559620308e+01
5.80590000000000e+05	4.46954659213394e+01	8.75128568861308e+01
5.90600000000000e+05	4.45402260113846e+01	8.68581258739716e+01
6.00610000000000e+05	4.43864259881811e+01	8.62146641131348e+01
6.10620000000000e+05	4.42340352577261e+01	8.55820939033049e+01
6.20630000000000e+05	4.40830238986647e+01	8.49600573110181e+01
6.30640000000000e+05	4.39333626805235e+01	8.43482149111979e+01
6.40650000000000e+05	4.37850230759864e+01	8.37462446183837e+01
6.50660000000000e+05	4.36379772681047e+01	8.31538405996003e+01
6.60670000000000e+05	4.34921981532394e+01	8.25707122602410e+01
6.70680000000000e+05	4.33476593403499e+01	8.19965833006777e+01
6.80690000000000e+05	4.32043351472008e+01	8.14311908376340e+01
6.90700000000000e+05	4.30622005940006e+01	8.08742845847440e+01
7.00710000000000e+05	4.29212313948855e+01	8.03256260891070e+01
7.10720000000000e+05	4.27814039476209e+01	7.97849880186164e+01
7.20730000000000e+05	4.26426953218347e+01	7.92521534991755e+01
7.30740000000000e+05	4.25050832460789e+01	7.87269154945633e+01
7.40750000000000e+05	4.23685460939520e+01	7.82090762272473e+01
7.50760000000000e+05	4.22330628694732e+01	7.76984466398605e+01
7.60770000000000e+05	4.20986131919153e+01	7.71948458888206e+01
7.70780000000000e+05	4.19651772802281e+01	7.66981008753768e+01
7.80790000000000e+05	4.18327359371938e+01	7.62080458017060e+01
7.90800000000000e+05	4.17012705334259e+01	7.57245217615875e+01
8.00810000000000e+05	4.15707629913079e+01	7.52473763538686e+01
8.10820000000000e+05	4.14411957689489e+01	7.47764633208054e+01
8.20830000000000e+05	4.13125518442387e+01	7.43116422114449e+01
8.30840000000000e+05	4.11848146990378e+01	7.38527780641085e+01
8.40850000000000e+05	4.10579683035753e+01	7.33997411096971e+01
8.50860000000000e+05	4.09319971010883e+01	7.29524064955372e+01
8.60870000000000e+05	4.08068859927138e+01	7.25106540220584e+01
8.70880000000000e+05	4.06826203227000e+01	7.20743679002596e+01
8.80890000000000e+05	4.05591858639250e+01	7.16434365210381e+01
8.90900000000000e+05	4.04365688037554e+01	7.12177522403163e+01
9.00910000000000e+05	4.03147557302506e+01	7.07972111759003e+01
9.10920000000000e+05	4.01937336187314e+01	7.03817130177603e+01
9.20930000000000e+05	4.00734898187158e+01	6.99711608494285e+01
9.30940000000000e+05	3.99540120412209e+01	6.95654609800571e+01
9.40950000000000e+05	3.98352883464121e+01	6.91645227843522e+01
9.50960000000000e+05	3.97173071316754e+01	6.87682585564793e+01
9.60970000000000e+05	3.96000571200086e+01	6.83765833683073e+01
9.70980000000000e+05	3.94835273487975e+01	6.79894149376892e+01
9.80990000000000e+05	3.93677071589495e+01	6.76066735040370e+01
9.91000000000000e+05	3.92525861843917e+01	6.72282817116908e+01
1.00101000000000e+06	3.91381543418949e+01	6.68541644985340e+01
1.01102000000000e+06	3.90244018212690e+01	6.64842489925855e+01
1.02103000000000e+06	3.89113190758636e+01	6.61184644128109e+01
1.03104000000000e+06	3.87988968134292e+01	6.57567419773623e+01
1.04105000000000e+06	3.86871259872500e+01	6.53990148142925e+01
1.05106000000000e+06	3.85759977876527e+01	6.50452178806735e+01
1.06107000000000e+06	3.84655036337405e+01	6.46952878822154e+01
1.07108000000000e+06	3.83556351654965e+01	6.43491632010646e+01
1.08109000000000e+06	3.82463842361118e+01	6.40067838245018e+01
1.09110000000000e+06	3.81377429046277e+01	6.36680912792047e+01
1.10111000000000e+06	3.80297034288305e+01	6.33330285686032e+01
1.11112000000000e+06	3.79222582584109e+01	6.30015401133845e+01
1.12113000000000e+06	3.78154000283586e+01	6.26735716946903e+01
1.13114000000000e+06	3.77091215526317e+01	6.23490704015946e+01
1.14115000000000e+06	3.76034158180452e+01	6.20279845805788e+01
1.15116000000000e+06	3.74982759783459e+01	6.17102637860166e+01
1.16117000000000e+06	3.73936953486048e+01	6.13958587371721e+01
1.17118000000000e+06	3.72896673997077e+01	6.10847212728201e+01
1.18119000000000e+06	3.71861857531181e+01	6.07768043108881e+01
1.19120000000000e+06	3.70832441758408e+01	6.04720618102641e+01
1.20121000000000e+06	3.69808365755169e+01	6.01704487321946e+01
1.21122000000000e+06	3.68789569957814e+01	5.98719210067434e+01
1.22123000000000e+06	3.67775996117190e+01	5.95764354978353e+01
1.23124000000000e+06	3.66767587255461e+01	5.92839499721541e+01
1.24125000000000e+06	3.65764287624288e+01	5.89944230685372e+01
1.25126000000000e+06	3.64766042664581e+01	5.87078142687857e+01
1.26127000000000e+06	3.63772798968018e+01	5.84240838707692e+01
1.27128000000000e+06	3.62784504239553e+01	5.81431929611699e+01
1.28129000000000e+06	3.61801107261851e+01	5.78651033913214e+01
1.29130000000000e+06	3.60822557860618e+01	5.75897777525071e+01
1.30131000000000e+06	3.59848806871631e+01	5.73171793538123e+01
1.31132000000000e+06	3.58879806108498e+01	5.70472721993313e+01
1.32133000000000e+06	3.57915508332362e+01	5.67800209686593e+01
1.33134000000000e+06	3.56955867221857e+01	5.65153909954811e+01
1.34135000000000e+06	3.56000837344975e+01	5.62533482495873e+01
1.35136000000000e+06	3.55050374131540e+01	5.59938593181663e+01
1.36137000000000e+06	3.54104433846828e+01	5.57368913884515e+01
1.37138000000000e+06	3.53162973566073e+01	5.54824122306000e+01
1.38139000000000e+06	3.52225951150251e+01	5.52303901824487e+01
1.39140000000000e+06	3.51293325222137e+01	5.49807941328618e+01
1.40141000000000e+06	3.50365055144162e+01	5.47335935086540e+01
1.41142000000000e+06	3.49441100996123e+01	5.44887582589900e+01
1.42143000000000e+06	3.48521423554353e+01	5.42462588424956e+01
1.43144000000000e+06	3.47605984271392e+01	5.40060662138168e+01
1.44145000000000e+06	3.46694745256670e+01	5.37681518118062e+01
1.45146000000000e+06	3.45787669257320e+01	5.35324875462365e+01
1.46147000000000e+06	3.44884719640478e+01	5.32990457873668e+01
1.47148000000000e+06	3.43985860375548e+01	5.30677993539934e+01
1.48149000000000e+06	3.43091056017647e+01	5.28387215034353e+01
1.49150000000000e+06	3.42200271691127e+01	5.26117859203534e+01
1.50151000000000e+06	3.41313473074014e+01	5.23869667070217e+01
1.51152000000000e+06	3.40430626383110e+01	5.21642383740955e+01
1.52153000000000e+06	3.39551698359342e+01	5.19435758309455e+01
1.53154000000000e+06	3.38676656253769e+01	5.17249543768057e+01
1.54155000000000e+06	3.37805467814072e+01	5.15083496919660e+01
1.55156000000000e+06	3.36938101271569e+01	5.12937378296424e+01
1.56157000000000e+06	3.36074525328568e+01	5.10810952076135e+01
1.57158000000000e+06	3.35214709146427e+01	5.08703986008699e+01
1.58159000000000e+06	3.34358622333613e+01	5.06616251335028e+01
1.59160000000000e+06	3.33506234934529e+01	5.04547522715920e+01
1.60161000000000e+06	3.32657517418715e+01	5.02497578164671e+01
1.61162000000000e+06	3.31812440670083e+01	5.00466198971500e+01
1.62163000000000e+06	3.30970975977030e+01	4.98453169644288e+01
1.63164000000000e+06	3.30133095022398e+01	4.96458277839143e+01
1.64165000000000e+06	3.29298769874165e+01	4.94481314300420e+01
1.65166000000000e+06	3.28467972976139e+01	4.92522072797865e+01
1.66167000000000e+06	3.27640677139245e+01	4.90580350070345e+01
1.67168000000000e+06	3.26816855532918e+01	4.88655945767533e+01
1.68169000000000e+06	3.25996481676825e+01	4.86748662393743e+01
1.69170000000000e+06	3.25179529432843e+01	4.84858305253922e+01
1.70171000000000e+06	3.24365972997475e+01	4.82984682403557e+01
1.71172000000000e+06	3.23555786894124e+01	4.81127604592696e+01
1.72173000000000e+06	3.22748945966186e+01	4.79286885223149e+01
1.73174000000000e+06	3.21945425369843e+01	4.77462340295338e+01
1.74175000000000e+06	3.21145200567250e+01	4.75653788361005e+01
1.75176000000000e+06	3.20348247320207e+01	4.73861050481297e+01
1.76177000000000e+06	3.19554541683556e+01	4.72083950177204e+01
1.77178000000000e+06	3.18764059999241e+01	4.70322313390154e+01
1.78179000000000e+06	3.17976778890311e+01	4.68575968439215e+01
1.79180000000000e+06	3.17192675255049e+01	4.66844745976007e+01
1.80181000000000e+06	3.16411726261508e+01	4.65128478948887e+01
1.81182000000000e+06	3.15633909342109e+01	4.63427002562175e+01
1.82183000000000e+06	3.14859202188272e+01	4.61740154235898e+01
1.83184000000000e+06	3.14087582745466e+01	4.60067773571361e+01
1.84185000000000e+06	3.13319029208184e+01	4.58409702312018e+01
1.85186000000000e+06	3.12553520015148e+01	4.56765784307965e+01
1.86187000000000e+06	3.11791033844791e+01	4.55135865483712e+01
1.87188000000000e+06	3.11031549610631e+01	4.53519793801061e+01
1.88189000000000e+06	3.10275046456931e+01	4.51917419226699e+01
1.89190000000000e+06	3.09521503754462e+01	4.50328593699801e+01
1.90191000000000e+06	3.08770901096334e+01	4.48753171099122e+01
1.91192000000000e+06	3.08023218294088e+01	4.47191007213673e+01
1.92193000000000e+06	3.07278435373716e+01	4.45641959710694e+01
1.93194000000000e+06	3.06536532571874e+01	4.44105888104879e+01
1.94195000000000e+06	3.05797490332350e+01	4.42582653733356e+01
1.95196000000000e+06	3.05061289302204e+01	4.41072119719547e+01
1.96197000000000e+06	3.04327910328625e+01	4.39574150953440e+01
1.97198000000000e+06	3.03597334455276e+01	4.38088614057722e+01
1.98199000000000e+06	3.02869542919177e+01	4.36615377364059e+01
1.99200000000000e+06	3.02144517147405e+01	4.35154310885673e+01
2.00201000000000e+06	3.01422238754062e+01	4.33705286292388e+01
2.01202000000000e+06	3.00702689537097e+01	4.32268176882587e+01
2.02203000000000e+06	2.99985851475561e+01	4.30842857562739e+01
2.03204000000000e+06	2.99271706726479e+01	4.29429204817923e+01
2.04205000000000e+06	2.98560237622282e+01	4.28027096692710e+01
2.05206000000000e+06	2.97851426667873e+01	4.26636412763756e+01
2.06207000000000e+06	2.97145256538149e+01	4.25257034120061e+01
2.07208000000000e+06	2.96441710075146e+01	4.23888843336198e+01
2.08209000000000e+06	2.95740770285835e+01	4.22531724455983e+01
2.09210000000000e+06	2.95042420339336e+01	4.21185562964705e+01
2.10211000000000e+06	2.94346643564711e+01	4.19850245771983e+01
2.11212000000000e+06	2.93653423448509e+01	4.18525661188897e+01
2.12213000000000e+06	2.92962743632470e+01	4.17211698907028e+01
2.13214000000000e+06	2.92274587911370e+01	4.15908249980408e+01
2.14215000000000e+06	2.91588940230690e+01	4.14615206803394e+01
2.15216000000000e+06	2.90905784684568e+01	4.13332463091877e+01
2.16217000000000e+06	2.90225105513675e+01	4.12059913864225e+01
2.17218000000000e+06	2.89546887103199e+01	4.10797455423240e+01
2.18219000000000e+06	2.88871113980749e+01	4.09544985335508e+01
2.19220000000000e+06	2.88197770814552e+01	4.08302402416148e+01
2.20221000000000e+06	2.87526842411373e+01	4.07069606707631e+01
2.21222000000000e+06	2.86858313714818e+01	4.05846499466080e+01
2.22223000000000e+06	2.86192169803283e+01	4.04632983139203e+01
2.23224000000000e+06	2.85528395888429e+01	4.03428961354867e+01
2.24225000000000e+06	2.84866977313133e+01	4.02234338898510e+01
2.25226000000000e+06	2.84207899550109e+01	4.01049021703560e+01
2.26227000000000e+06	2.83551148199866e+01	3.99872916827762e+01
2.27228000000000e+06	2.82896708989319e+01	3.98705932443310e+01
2.28229000000000e+06	2.82244567770119e+01	3.97547977818872e+01
2.29230000000000e+06	2.81594710516971e+01	3.96398963303599e+01
2.30231000000000e+06	2.80947123326201e+01	3.95258800313585e+01
2.31232000000000e+06	2.80301792414150e+01	3.94127401315049e+01
2.32233000000000e+06	2.79658704115797e+01	3.93004679813223e+01
2.33234000000000e+06	2.79017844883116e+01	3.91890550332582e+01
2.34235000000000e+06	2.78379201283906e+01	3.90784928410057e+01
2.35236000000000e+06	2.77742760000070e+01	3.89687730572732e+01
2.36237000000000e+06	2.77108507826501e+01	3.88598874330995e+01
2.37238000000000e+06	2.76476431669603e+01	3.87518278161910e+01
2.38239000000000e+06	2.75846518545953e+01	3.86445861496150e+01
2.39240000000000e+06	2.75218755581041e+01	3.85381544705013e+01
2.40241000000000e+06	2.74593130008019e+01	3.84325249089737e+01
2.41242000000000e+06	2.73969629166339e+01	3.83276896865167e+01
2.42243000000000e+06	2.73348240500566e+01	3.82236411149523e+01
2.43244000000000e+06	2.72728951559248e+01	3.81203715952702e+01
2.44245000000000e+06	2.72111749993564e+01	3.80178736162648e+01
2.45246000000000e+06	2.71496623556294e+01	3.79161397534571e+01
2.46247000000000e+06	2.70883560100588e+01	3.78151626678608e+01
2.47248000000000e+06	2.70272547578840e+01	3.77149351049222e+01
2.48249000000000e+06	2.69663574041629e+01	3.76154498933055e+01
2.49250000000000e+06	2.69056627636567e+01	3.75166999438783e+01
2.50251000000000e+06	2.68451696607166e+01	3.74186782483167e+01
2.51252000000000e+06	2.67848769291962e+01	3.73213778785378e+01
2.52253000000000e+06	2.67247834123281e+01	3.72247919851699e+01
2.53254000000000e+06	2.66648879626330e+01	3.71289137967612e+01
2.54255000000000e+06	2.66051894418110e+01	3.70337366186204e+01
2.55256000000000e+06	2.65456867206546e+01	3.69392538319627e+01
2.56257000000000e+06	2.64863786789290e+01	3.68454588926021e+01
2.57258000000000e+06	2.64272642053034e+01	3.67523453303985e+01
2.58259000000000e+06	2.63683421972287e+01	3.66599067478116e+01
2.59260000000000e+06	2.63096115608697e+01	3.65681368194003e+01
2.60261000000000e+06	2.62510712109939e+01	3.64770292905666e+01
2.61262000000000e+06	2.61927200708909e+01	3.63865779767549e+01
2.62263000000000e+06	2.61345570722774e+01	3.62967767624450e+01
2.63264000000000e+06	2.60765811552120e+01	3.62076196003437e+01
2.64265000000000e+06	2.60187912680165e+01	3.61191005106167e+01
2.65266000000000e+06	2.59611863671717e+01	3.60312135796262e+01
2.66267000000000e+06	2.59037654172506e+01	3.59439529594580e+01
2.67268000000000e+06	2.58465273908350e+01	3.58573128670281e+01
2.68269000000000e+06	2.57894712684102e+01	3.57712875827881e+01
2.69270000000000e+06	2.57325960383236e+01	3.56858714507131e+01
2.70271000000000e+06	2.56759006966736e+01	3.56010588767850e+01
2.71272000000000e+06	2.56193842472391e+01	3.55168443284129e+01
2.72273000000000e+06	2.55630457014082e+01	3.54332223337890e+01
2.73274000000000e+06	2.55068840781020e+01	3.53501874809860e+01
2.74275000000000e+06	2.54508984036938e+01	3.52677344172156e+01
2.75276000000000e+06	2.53950877119329e+01	3.51858578479768e+01
2.76277000000000e+06	2.53394510438813e+01	3.51045525364723e+01
2.77278000000000e+06	2.52839874478394e+01	3.50238133029129e+01
2.78279000000000e+06	2.52286959792591e+01	3.49436350234191e+01
2.79280000000000e+06	2.51735757007022e+01	3.48640126298992e+01
2.80281000000000e+06	2.51186256817409e+01	3.47849411087591e+01
2.81282000000000e+06	2.50638449989140e+01	3.47064155006999e+01
2.82283000000000e+06	2.50092327356412e+01	3.46284308996352e+01
2.83284000000000e+06	2.49547879821686e+01	3.45509824523491e+01
2.84285000000000e+06	2.49005098354986e+01	3.44740653575917e+01
2.85286000000000e+06	2.48463973993215e+01	3.43976748655834e+01
2.86287000000000e+06	2.47924497839578e+01	3.43218062772837e+01
2.87288000000000e+06	2.47386661062917e+01	3.42464549438084e+01
2.88289000000000e+06	2.46850454897045e+01	3.41716162657233e+01
2.89290000000000e+06	2.46315870640232e+01	3.40972856926165e+01
2.90291000000000e+06	2.45782899654482e+01	3.40234587222253e+01
2.91292000000000e+06	2.45251533365016e+01	3.39501309000621e+01
2.92293000000000e+06	2.44721763259609e+01	3.38772978186661e+01
2.93294000000000e+06	2.44193580888067e+01	3.38049551171783e+01
2.94295000000000e+06	2.43666977861583e+01	3.37330984805853e+01
2.95296000000000e+06	2.43141945852241e+01	3.36617236393369e+01
2.96297000000000e+06	2.42618476592378e+01	3.35908263686815e+01
2.97298000000000e+06	2.42096561874015e+01	3.35204024880417e+01
2.98299000000000e+06	2.41576193548448e+01	3.34504478607788e+01
2.99300000000000e+06	2.41057363525454e+01	3.33809583931970e+01
3.00301000000000e+06	2.40540063772992e+01	3.33119300344266e+01
3.01302000000000e+06	2.40024286316494e+01	3.32433587756342e+01
3.02303000000000e+06	2.39510023238511e+01	3.31752406497780e+01
3.03304000000000e+06	2.38997266677993e+01	3.31075717307969e+01
3.04305000000000e+06	2.38486008829931e+01	3.30403481333159e+01
3.05306000000000e+06	2.37976241944739e+01	3.29735660120521e+01
3.06307000000000e+06	2.37467958327841e+01	3.29072215614061e+01
3.07308000000000e+06	2.36961150339122e+01	3.28413110149699e+01
3.08309000000000e+06	2.36455810392456e+01	3.27758306450424e+01
3.09310000000000e+06	2.35951930955181e+01	3.27107767620686e+01
3.10311000000000e+06	2.35449504547686e+01	3.26461457144093e+01
3.11312000000000e+06	2.34948523742852e+01	3.25819338875764e+01
3.12313000000000e+06	2.34448981165655e+01	3.25181377040860e+01
3.13314000000000e+06	2.33950869492703e+01	3.24547536229577e+01
3.14315000000000e+06	2.33454181451699e+01	3.23917781390309e+01
3.15316000000000e+06	2.32958909821011e+01	3.23292077827734e+01
3.16317000000000e+06	2.32465047429322e+01	3.22670391199305e+01
3.17318000000000e+06	2.31972587155066e+01	3.22052687508484e+01
3.18319000000000e+06	2.31481521926005e+01	3.21438933102040e+01
3.19320000000000e+06	2.30991844718871e+01	3.20829094666580e+01
3.20321000000000e+06	2.30503548558863e+01	3.20223139224069e+01
3.21322000000000e+06	2.30016626519252e+01	3.19621034127084e+01
3.22323000000000e+06	2.29531071720921e+01	3.19022747055037e+01
3.23324000000000e+06	2.29046877332026e+01	3.18428246012283e+01
3.24325000000000e+06	2.28564036567479e+01	3.17837499321347e+01
3.25326000000000e+06	2.28082542688679e+01	3.17250475622504e+01
3.26327000000000e+06	2.27602389002948e+01	3.16667143866439e+01
3.27328000000000e+06	2.27123568863282e+01	3.16087473314019e+01
3.28329000000000e+06	2.26646075667857e+01	3.15511433530427e+01
3.29330000000000e+06	2.26169902859617e+01	3.14938994381413e+01
3.30331000000000e+06	2.25695043926068e+01	3.14370126032821e+01
3.31332000000000e+06	2.25221492398681e+01	3.13804798943767e+01
3.32333000000000e+06	2.24749241852618e+01	3.13242983865245e+01
3.33334000000000e+06	2.24278285906331e+01	3.12684651834465e+01
3.34335000000000e+06	2.23808618221238e+01	3.12129774174938e+01
3.35336000000000e+06	2.23340232501312e+01	3.11578322490784e+01
3.36337000000000e+06	2.22873122492680e+01	3.11030268663187e+01
3.37338000000000e+06	2.22407281983375e+01	3.10485584849390e+01
3.38339000000000e+06	2.21942704802924e+01	3.09944243477919e+01
3.39340000000000e+06	2.21479384821940e+01	3.09406217245793e+01
3.40341000000000e+06	2.21017315951885e+01	3.08871479115482e+01
3.41342000000000e+06	2.20556492144609e+01	3.08340002311553e+01
3.42343000000000e+06	2.20096907392121e+01	3.07811760318872e+01
3.43344000000000e+06	2.19638555726185e+01	3.07286726878789e+01
3.44345000000000e+06	2.19181431217976e+01	3.06764875984775e+01
3.45346000000000e+06	2.18725527977803e+01	3.06246181883133e+01
3.46347000000000e+06	2.18270840154753e+01	3.05730619067011e+01
3.47348000000000e+06	2.17817361936374e+01	3.05218162275073e+01
3.48349000000000e+06	2.17365087548326e+01	3.04708786488019e+01
3.49350000000000e+06	2.16914011254102e+01	3.04202466926176e+01
3.50351000000000e+06	2.16464127354727e+01	3.03699179047533e+01
3.51352000000000e+06	2.16015430188369e+01	3.03198898543847e+01
3.52353000000000e+06	2.15567914130125e+01	3.02701601338652e+01
3.53354000000000e+06	2.15121573591650e+01	3.02207263584669e+01
3.54355000000000e+06	2.14676403020910e+01	3.01715861661053e+01
3.55356000000000e+06	2.14232396901837e+01	3.01227372171896e+01
3.56357000000000e+06	2.13789549754073e+01	3.00741771941694e+01
3.57358000000000e+06	2.13347856132598e+01	3.00259038014441e+01
3.58359000000000e+06	2.12907310627570e+01	2.99779147651180e+01
3.59360000000000e+06	2.12467907863920e+01	2.99302078326622e+01
3.60361000000000e+06	2.12029642501148e+01	2.98827807728581e+01
3.61362000000000e+06	2.11592509232980e+01	2.98356313752838e+01
3.62363000000000e+06	2.11156502787166e+01	2.97887574504544e+01
3.63364000000000e+06	2.10721617925076e+01	2.97421568291655e+01
3.64365000000000e+06	2.10287849441602e+01	2.96958273626567e+01
3.65366000000000e+06	2.09855192164730e+01	2.96497669221424e+01
3.66367000000000e+06	2.09423640955357e+01	2.96039733987215e+01
3.67368000000000e+06	2.08993190707040e+01	2.95584447031106e+01
3.68369000000000e+06	2.08563836345683e+01	2.95131787654619e+01
3.69370000000000e+06	2.08135572829229e+01	2.94681735349964e+01
3.70371000000000e+06	2.07708395147570e+01	2.94234269800963e+01
3.71372000000000e+06	2.07282298322137e+01	2.93789370878480e+01
3.72373000000000e+06	2.06857277405707e+01	2.93347018639167e+01
3.73374000000000e+06	2.06433327482149e+01	2.92907193323655e+01
3.74375000000000e+06	2.06010443666184e+01	2.92469875354376e+01
3.75376000000000e+06	2.05588621103145e+01	2.92035045333904e+01
3.76377000000000e+06	2.05167854968665e+01	2.91602684042074e+01
3.77378000000000e+06	2.04748140468563e+01	2.91172772435776e+01
3.78379000000000e+06	2.04329472838492e+01	2.90745291645474e+01
3.79380000000000e+06	2.03911847343789e+01	2.90320222974367e+01
3.80381000000000e+06	2.03495259279111e+01	2.89897547894897e+01
3.81382000000000e+06	2.03079703968407e+01	2.89477248050266e+01
3.82383000000000e+06	2.02665176764481e+01	2.89059305248663e+01
3.83384000000000e+06	2.02251673048918e+01	2.88643701464356e+01
3.84385000000000e+06	2.01839188231789e+01	2.88230418835308e+01
3.85386000000000e+06	2.01427717751391e+01	2.87819439659604e+01
3.86387000000000e+06	2.01017257074117e+01	2.87410746396697e+01
3.87388000000000e+06	2.00607801694231e+01	2.87004321664316e+01
3.88389000000000e+06	2.00199347133523e+01	2.86600148235846e+01
3.89390000000000e+06	1.99791888941245e+01	2.86198209039826e+01
3.90391000000000e+06	1.99385422693848e+01	2.85798487158805e+01
3.91392000000000e+06	1.98979943994739e+01	2.85400965826459e+01
3.92393000000000e+06	1.98575448474098e+01	2.85005628426828e+01
3.93394000000000e+06	1.98171931788704e+01	2.84612458492463e+01
3.94395000000000e+06	1.97769389621641e+01	2.84221439702635e+01
3.95396000000000e+06	1.97367817682217e+01	2.83832555882769e+01
3.96397000000000e+06	1.96967211705636e+01	2.83445791001706e+01
3.97398000000000e+06	1.96567567452904e+01	2.83061129170903e+01
3.98399000000000e+06	1.96168880710575e+01	2.82678554643062e+01
3.99400000000000e+06	1.95771147290567e+01	2.82298051809957e+01
4.00401000000000e+06	1.95374363029971e+01	2.81919605201985e+01
4.01402000000000e+06	1.94978523790879e+01	2.81543199486276e+01
4.02403000000000e+06	1.94583625460158e+01	2.81168819465131e+01
4.03404000000000e+06	1.94189663949261e+01	2.80796450074287e+01
4.04405000000000e+06	1.93796635194089e+01	2.80426076382584e+01
4.05406000000000e+06	1.93404535154765e+01	2.80057683589739e+01
4.06407000000000e+06	1.93013359815449e+01	2.79691257025632e+01
4.07408000000000e+06	1.92623105184210e+01	2.79326782148773e+01
4.08409000000000e+06	1.92233767292753e+01	2.78964244544262e+01
4.09410000000000e+06	1.91845342196320e+01	2.78603629923583e+01
4.10411000000000e+06	1.91457825973475e+01	2.78244924122487e+01
4.11412000000000e+06	1.91071214725964e+01	2.77888113100746e+01
4.12413000000000e+06	1.90685504578490e+01	2.77533182939460e+01
4.13414000000000e+06	1.90300691678602e+01	2.77180119841786e+01
4.14415000000000e+06	1.89916772196469e+01	2.76828910129409e+01
4.15416000000000e+06	1.89533742324713e+01	2.76479540242649e+01
4.16417000000000e+06	1.89151598278326e+01	2.76131996739889e+01
4.17418000000000e+06	1.88770336294408e+01	2.75786266295092e+01
4.18419000000000e+06	1.88389952632021e+01	2.75442335697065e+01
4.19420000000000e+06	1.88010443572056e+01	2.75100191848528e+01
4.20421000000000e+06	1.87631805417073e+01	2.74759821765000e+01
4.21422000000000e+06	1.87254034491125e+01	2.74421212573834e+01
4.22423000000000e+06	1.86877127139574e+01	2.74084351511782e+01
4.23424000000000e+06	1.86501079728993e+01	2.73749225926313e+01
4.24425000000000e+06	1.86125888646967e+01	2.73415823272101e+01
4.25426000000000e+06	1.85751550301940e+01	2.73084131111392e+01
4.26427000000000e+06	1.85378061123090e+01	2.72754137112503e+01
4.27428000000000e+06	1.85005417560149e+01	2.72425829048874e+01
4.28429000000000e+06	1.84633616083277e+01	2.72099194797858e+01
4.29430000000000e+06	1.84262653182889e+01	2.71774222340121e+01
4.30431000000000e+06	1.83892525369527e+01	2.71450899758290e+01
4.31432000000000e+06	1.83523229173701e+01	2.71129215235378e+01
4.32433000000000e+06	1.83154761145756e+01	2.70809157055195e+01
4.33434000000000e+06	1.82787117855717e+01	2.70490713600386e+01
4.34435000000000e+06	1.82420295893154e+01	2.70173873351299e+01
4.35436000000000e+06	1.82054291867031e+01	2.69858624885684e+01
4.36437000000000e+06	1.81689102405599e+01	2.69544956877814e+01
4.37438000000000e+06	1.81324724156186e+01	2.69232858096133e+01
4.38439000000000e+06	1.80961153785162e+01	2.68922317404854e+01
4.39440000000000e+06	1.80598387977695e+01	2.68613323760214e+01
4.40441000000000e+06	1.80236423437714e+01	2.68305866212075e+01
4.41442000000000e+06	1.79875256887684e+01	2.67999933901014e+01
4.42443000000000e+06	1.79514885068568e+01	2.67695516059041e+01
4.43444000000000e+06	1.79155304739592e+01	2.67392602007301e+01
4.44445000000000e+06	1.78796512678197e+01	2.67091181156258e+01
4.45446000000000e+06	1.78438505679885e+01	2.66791243004770e+01
4.46447000000000e+06	1.78081280558077e+01	2.66492777138792e+01
4.47448000000000e+06	1.77724834143997e+01	2.66195773230449e+01
4.48449000000000e+06	1.77369163286557e+01	2.65900221037980e+01
4.49450000000000e+06	1.77014264852206e+01	2.65606110403936e+01
4.50451000000000e+06	1.76660135724817e+01	2.65313431255303e+01
4.51452000000000e+06	1.76306772805579e+01	2.65022173601891e+01
4.52453000000000e+06	1.75954173012841e+01	2.64732327535982e+01
4.53454000000000e+06	1.75602333282066e+01	2.64443883231939e+01
4.54455000000000e+06	1.75251250565595e+01	2.64156830944383e+01
4.55456000000000e+06	1.74900921832621e+01	2.63871161007877e+01
4.56457000000000e+06	1.74551344069067e+01	2.63586863837337e+01
4.57458000000000e+06	1.74202514277433e+01	2.63303929925773e+01
4.58459000000000e+06	1.73854429476652e+01	2.63022349843187e+01
4.59460000000000e+06	1.73507086702065e+01	2.62742114237925e+01
4.60461000000000e+06	1.73160483005235e+01	2.62463213833783e+01
4.61462000000000e+06	1.72814615453886e+01	2.62185639431384e+01
4.62463000000000e+06	1.72469481131724e+01	2.61909381904794e+01
4.63464000000000e+06	1.72125077138380e+01	2.61634432203428e+01
4.64465000000000e+06	1.71781400589301e+01	2.61360781350075e+01
4.65466000000000e+06	1.71438448615621e+01	2.61088420440446e+01
4.66467000000000e+06	1.71096218364052e+01	2.60817340641898e+01
4.67468000000000e+06	1.70754706996760e+01	2.60547533193991e+01
4.68469000000000e+06	1.70413911691328e+01	2.60278989407222e+01
4.69470000000000e+06	1.70073829640570e+01	2.60011700661401e+01
4.70471000000000e+06	1.69734458052474e+01	2.59745658407129e+01
4.71472000000000e+06	1.69395794150073e+01	2.59480854162858e+01
4.72473000000000e+06	1.69057835171370e+01	2.59217279516018e+01
4.73474000000000e+06	1.68720578369215e+01	2.58954926121525e+01
4.74475000000000e+06	1.68384021011202e+01	2.58693785701225e+01
4.75476000000000e+06	1.68048160379590e+01	2.58433850043331e+01
4.76477000000000e+06	1.67712993771175e+01	2.58175111002218e+01
4.77478000000000e+06	1.67378518497214e+01	2.57917560496987e+01
4.78479000000000e+06	1.67044731883316e+01	2.57661190511690e+01
4.79480000000000e+06	1.66711631269353e+01	2.57405993094565e+01
4.80481000000000e+06	1.66379214009351e+01	2.57151960356545e+01
4.81482000000000e+06	1.66047477471415e+01	2.56899084472398e+01
4.82483000000000e+06	1.65716419037629e+01	2.56647357678472e+01
4.83484000000000e+06	1.65386036103926e+01	2.56396772273204e+01
4.84485000000000e+06	1.65056326080047e+01	2.56147320616065e+01
4.85486000000000e+06	1.64727286389427e+01	2.55898995126948e+01
4.86487000000000e+06	1.64398914469087e+01	2.55651788286382e+01
4.87488000000000e+06	1.64071207769585e+01	2.55405692633754e+01
4.88489000000000e+06	1.63744163754868e+01	2.55160700767810e+01
4.89490000000000e+06	1.63417779902246e+01	2.54916805345599e+01
4.90491000000000e+06	1.63092053702253e+01	2.54673999082367e+01
4.91492000000000e+06	1.62766982658576e+01	2.54432274750165e+01
4.92493000000000e+06	1.62442564288000e+01	2.54191625179010e+01
4.93494000000000e+06	1.62118796120242e+01	2.53952043253885e+01
4.94495000000000e+06	1.61795675697973e+01	2.53713521917121e+01
4.95496000000000e+06	1.61473200576610e+01	2.53476054164833e+01
4.96497000000000e+06	1.61151368324366e+01	2.53239633049816e+01
4.97498000000000e+06	1.60830176522036e+01	2.53004251677742e+01
4.98499000000000e+06	1.60509622763023e+01	2.52769903209082e+01
4.99500000000000e+06	1.60189704653171e+01	2.52536580857055e+01
5.00501000000000e+06	1.59870419810750e+01	2.52304277888880e+01
5.01502000000000e+06	1.59551765866319e+01	2.52072987623071e+01
5.02503000000000e+06	1.59233740462682e+01	2.51842703430964e+01
5.03504000000000e+06	1.58916341254816e+01	2.51613418735321e+01
5.04505000000000e+06	1.58599565909738e+01	2.51385127009400e+01
5.05506000000000e+06	1.58283412106492e+01	2.51157821778370e+01
5.06507000000000e+06	1.57967877536028e+01	2.50931496616409e+01
5.07508000000000e+06	1.57652959901126e+01	2.50706145147723e+01
5.08509000000000e+06	1.57338656916369e+01	2.50481761046603e+01
5.09510000000000e+06	1.57024966307980e+01	2.50258338035233e+01
5.10511000000000e+06	1.56711885813848e+01	2.50035869885059e+01
5.11512000000000e+06	1.56399413183366e+01	2.49814350415041e+01
5.12513000000000e+06	1.56087546177386e+01	2.49593773492221e+01
5.13514000000000e+06	1.55776282568193e+01	2.49374133030693e+01
5.14515000000000e+06	1.55465620139343e+01	2.49155422990905e+01
5.15516000000000e+06	1.55155556685661e+01	2.48937637380115e+01
5.16517000000000e+06	1.54846090013140e+01	2.48720770251744e+01
5.17518000000000e+06	1.54537217938891e+01	2.48504815704619e+01
5.18519000000000e+06	1.54228938291037e+01	2.48289767882683e+01
5.19520000000000e+06	1.53921248908658e+01	2.48075620974595e+01
5.20521000000000e+06	1.53614147641747e+01	2.47862369213830e+01
5.21522000000000e+06	1.53307632351109e+01	2.47650006877689e+01
5.22523000000000e+06	1.53001700908282e+01	2.47438528286843e+01
5.23524000000000e+06	1.52696351195534e+01	2.47227927805625e+01
5.24525000000000e+06	1.52391581105711e+01	2.47018199841352e+01
5.25526000000000e+06	1.52087388542236e+01	2.46809338843543e+01
5.26527000000000e+06	1.51783771418980e+01	2.46601339303720e+01
5.27528000000000e+06	1.51480727660274e+01	2.46394195755899e+01
5.28529000000000e+06	1.51178255200792e+01	2.46187902775278e+01
5.29530000000000e+06	1.50876351985471e+01	2.45982454977691e+01
5.30531000000000e+06	1.50575015969496e+01	2.45777847020370e+01
5.31532000000000e+06	1.50274245118190e+01	2.45574073600422e+01
5.32533000000000e+06	1.49974037407002e+01	2.45371129455456e+01
5.33534000000000e+06	1.49674390821392e+01	2.45169009362592e+01
5.34535000000000e+06	1.49375303356778e+01	2.44967708138252e+01
5.35536000000000e+06	1.49076773018513e+01	2.44767220637831e+01
5.36537000000000e+06	1.48778797821783e+01	2.44567541755924e+01
5.37538000000000e+06	1.48481375791557e+01	2.44368666425036e+01
5.38539000000000e+06	1.48184504962525e+01	2.44170589615784e+01
5.39540000000000e+06	1.47888183379061e+01	2.43973306336691e+01
5.40541000000000e+06	1.47592409095116e+01	2.43776811633716e+01
5.41542000000000e+06	1.47297180174207e+01	2.43581100589605e+01
5.42543000000000e+06	1.47002494689315e+01	2.43386168324208e+01
5.43544000000000e+06	1.46708350722882e+01	2.43192009994101e+01
5.44545000000000e+06	1.46414746366678e+01	2.42998620791284e+01
5.45546000000000e+06	1.46121679721808e+01	2.42805995944098e+01
5.46547000000000e+06	1.45829148898643e+01	2.42614130716630e+01
5.47548000000000e+06	1.45537152016726e+01	2.42423020407820e+01
5.48549000000000e+06	1.45245687204759e+01	2.42232660351842e+01
5.49550000000000e+06	1.44954752600533e+01	2.42043045917820e+01
5.50551000000000e+06	1.44664346350850e+01	2.41854172508479e+01
5.51552000000000e+06	1.44374466611503e+01	2.41666035561389e+01
5.52553000000000e+06	1.44085111547188e+01	2.41478630547587e+01
5.53554000000000e+06	1.43796279331502e+01	2.41291952971925e+01
5.54555000000000e+06	1.43507968146826e+01	2.41105998372419e+01
5.55556000000000e+06	1.43220176184296e+01	2.40920762319742e+01
5.56557000000000e+06	1.42932901643781e+01	2.40736240417943e+01
5.57558000000000e+06	1.42646142733781e+01	2.40552428302785e+01
5.58559000000000e+06	1.42359897671413e+01	2.40369321642773e+01
5.59560000000000e+06	1.42074164682311e+01	2.40186916137906e+01
5.60561000000000e+06	1.41788942000656e+01	2.40005207520213e+01
5.61562000000000e+06	1.41504227869048e+01	2.39824191553073e+01
5.62563000000000e+06	1.41220020538476e+01	2.39643864030837e+01
5.63564000000000e+06	1.40936318268299e+01	2.39464220778666e+01
5.64565000000000e+06	1.40653119326139e+01	2.39285257652426e+01
5.65566000000000e+06	1.40370421987895e+01	2.39106970538387e+01
5.66567000000000e+06	1.40088224537644e+01	2.38929355352816e+01
5.67568000000000e+06	1.39806525267635e+01	2.38752408042211e+01
5.68569000000000e+06	1.39525322478177e+01	2.38576124582431e+01
5.69570000000000e+06	1.39244614477651e+01	2.38400500978404e+01
5.70571000000000e+06	1.38964399582465e+01	2.38225533264813e+01
5.71572000000000e+06	1.38684676116947e+01	2.38051217505141e+01
5.72573000000000e+06	1.38405442413351e+01	2.37877549791013e+01
5.73574000000000e+06	1.38126696811787e+01	2.37704526243262e+01
5.74575000000000e+06	1.37848437660185e+01	2.37532143010211e+01
5.75576000000000e+06	1.37570663314236e+01	2.37360396268706e+01
5.76577000000000e+06	1.37293372137374e+01	2.37189282223088e+01
5.77578000000000e+06	1.37016562500683e+01	2.37018797105185e+01
5.78579000000000e+06	1.36740232782900e+01	2.36848937174198e+01
5.79580000000000e+06	1.36464381370354e+01	2.36679698716716e+01
5.80581000000000e+06	1.36189006656889e+01	2.36511078045686e+01
5.81582000000000e+06	1.35914107043891e+01	2.36343071500895e+01
5.82583000000000e+06	1.35639680940156e+01	2.36175675448663e+01
5.83584000000000e+06	1.35365726761936e+01	2.36008886281616e+01
5.84585000000000e+06	1.35092242932815e+01	2.35842700418354e+01
5.85586000000000e+06	1.34819227883715e+01	2.35677114302819e+01
5.86587000000000e+06	1.34546680052848e+01	2.35512124405142e+01
5.87588000000000e+06	1.34274597885673e+01	2.35347727220638e+01
5.88589000000000e+06	1.34002979834828e+01	2.35183919269574e+01
5.89590000000000e+06	1.33731824360115e+01	2.35020697097616e+01
5.90591000000000e+06	1.33461129928457e+01	2.34858057275075e+01
5.91592000000000e+06	1.33190895013837e+01	2.34695996396474e+01
5.92593000000000e+06	1.32921118097302e+01	2.34534511081412e+01
5.93594000000000e+06	1.32651797666864e+01	2.34373597973118e+01
5.94595000000000e+06	1.32382932217474e+01	2.34213253738931e+01
5.95596000000000e+06	1.32114520251065e+01	2.34053475070423e+01
5.96597000000000e+06	1.31846560276351e+01	2.33894258682177e+01
5.97598000000000e+06	1.31579050808951e+01	2.33735601312640e+01
5.98599000000000e+06	1.31311990371234e+01	2.33577499723299e+01
5.99600000000000e+06	1.31045377492362e+01	2.33419950698914e+01
6.00601000000000e+06	1.30779210708159e+01	2.33262951046521e+01
6.01602000000000e+06	1.30513488561202e+01	2.33106497597082e+01
6.02603000000000e+06	1.30248209600632e+01	2.32950587202684e+01
6.03604000000000e+06	1.29983372382258e+01	2.32795216738784e+01
6.04605000000000e+06	1.29718975468409e+01	2.32640383102564e+01
6.05606000000000e+06	1.29455017427946e+01	2.32486083212856e+01
6.06607000000000e+06	1.29191496836258e+01	2.32332314011416e+01
6.07608000000000e+06	1.28928412275139e+01	2.32179072460342e+01
6.08609000000000e+06	1.28665762332829e+01	2.32026355544211e+01
6.09610000000000e+06	1.28403545603950e+01	2.31874160268475e+01
6.10611000000000e+06	1.28141760689444e+01	2.31722483659566e+01
6.11612000000000e+06	1.27880406196597e+01	2.31571322765317e+01
6.12613000000000e+06	1.27619480738935e+01	2.31420674653952e+01
6.13614000000000e+06	1.27358982936238e+01	2.31270536414673e+01
6.14615000000000e+06	1.27098911414500e+01	2.31120905157071e+01
6.15616000000000e+06	1.26839264805864e+01	2.30971778011059e+01
6.16617000000000e+06	1.26580041748617e+01	2.30823152126793e+01
6.17618000000000e+06	1.26321240887137e+01	2.30675024674136e+01
6.18619000000000e+06	1.26062860871881e+01	2.30527392843099e+01
6.19620000000000e+06	1.25804900359322e+01	2.30380253843377e+01
6.20621000000000e+06	1.25547358011941e+01	2.30233604904180e+01
6.21622000000000e+06	1.25290232498172e+01	2.30087443273872e+01
6.22623000000000e+06	1.25033522492419e+01	2.29941766220792e+01
6.23624000000000e+06	1.24777226674905e+01	2.29796571031231e+01
6.24625000000000e+06	1.24521343731800e+01	2.29651855011447e+01
6.25626000000000e+06	1.24265872355066e+01	2.29507615486332e+01
6.26627000000000e+06	1.24010811242477e+01	2.29363849798778e+01
6.27628000000000e+06	1.23756159097552e+01	2.29220555310859e+01
6.28629000000000e+06	1.23501914629583e+01	2.29077729402871e+01
6.29630000000000e+06	1.23248076553527e+01	2.28935369472832e+01
6.30631000000000e+06	1.22994643590077e+01	2.28793472938059e+01
6.31632000000000e+06	1.22741614465493e+01	2.28652037232407e+01
6.32633000000000e+06	1.22488987911683e+01	2.28511059808376e+01
6.33634000000000e+06	1.22236762666148e+01	2.28370538135949e+01
6.34635000000000e+06	1.21984937471910e+01	2.28230469702705e+01
6.35636000000000e+06	1.21733511077536e+01	2.28090852013517e+01
6.36637000000000e+06	1.21482482237049e+01	2.27951682590298e+01
6.37638000000000e+06	1.21231849709965e+01	2.27812958972824e+01
6.38639000000000e+06	1.20981612261222e+01	2.27674678717254e+01
6.39640000000000e+06	1.20731768661127e+01	2.27536839396497e+01
6.40641000000000e+06	1.20482317685397e+01	2.27399438600902e+01
6.41642000000000e+06	1.20233258115076e+01	2.27262473936943e+01
6.42643000000000e+06	1.19984588736510e+01	2.27125943027487e+01
6.43644000000000e+06	1.19736308341324e+01	2.26989843512105e+01
6.44645000000000e+06	1.19488415726433e+01	2.26854173046568e+01
6.45646000000000e+06	1.19240909693927e+01	2.26718929302563e+01
6.46647000000000e+06	1.18993789051132e+01	2.26584109967773e+01
6.47648000000000e+06	1.18747052610535e+01	2.26449712745901e+01
6.48649000000000e+06	1.18500699189742e+01	2.26315735356419e+01
6.49650000000000e+06	1.18254727611504e+01	2.26182175534352e+01
6.50651000000000e+06	1.18009136703637e+01	2.26049031030275e+01
6.51652000000000e+06	1.17763925299040e+01	2.25916299610148e+01
6.52653000000000e+06	1.17519092235599e+01	2.25783979055028e+01
6.53654000000000e+06	1.17274636356250e+01	2.25652067161511e+01
6.54655000000000e+06	1.17030556508885e+01	2.25520561740958e+01
6.55656000000000e+06	1.16786851546355e+01	2.25389460619931e+01
6.56657000000000e+06	1.16543520326416e+01	2.25258761639307e+01
6.57658000000000e+06	1.16300561711752e+01	2.25128462655258e+01
6.58659000000000e+06	1.16057974569899e+01	2.24998561538260e+01
6.59660000000000e+06	1.15815757773240e+01	2.24869056173078e+01
6.60661000000000e+06	1.15573910198999e+01	2.24739944459635e+01
6.61662000000000e+06	1.15332430729160e+01	2.24611224311028e+01
6.62663000000000e+06	1.15091318250497e+01	2.24482893655519e+01
6.63664000000000e+06	1.14850571654530e+01	2.24354950434789e+01
6.64665000000000e+06	1.14610189837483e+01	2.24227392604626e+01
6.65666000000000e+06	1.14370171700289e+01	2.24100218134866e+01
6.66667000000000e+06	1.14130516148555e+01	2.23973425009042e+01
6.67668000000000e+06	1.13891222092496e+01	2.23847011224127e+01
6.68669000000000e+06	1.13652288446985e+01	2.23720974790573e+01
6.69670000000000e+06	1.13413714131476e+01	2.23595313732688e+01
6.70671000000000e+06	1.13175498069980e+01	2.23470026087798e+01
6.71672000000000e+06	1.12937639191094e+01	2.23345109906477e+01
6.72673000000000e+06	1.12700136427885e+01	2.23220563252663e+01
6.73674000000000e+06	1.12462988717964e+01	2.23096384203213e+01
6.74675000000000e+06	1.12226195003386e+01	2.22972570847676e+01
6.75676000000000e+06	1.11989754230683e+01	2.22849121288803e+01
6.76677000000000e+06	1.11753665350801e+01	2.22726033642016e+01
6.77678000000000e+06	1.11517927319108e+01	2.22603306035430e+01
6.78679000000000e+06	1.11282539095313e+01	2.22480936609431e+01
6.79680000000000e+06	1.11047499643534e+01	2.22358923517143e+01
6.80681000000000e+06	1.10812807932204e+01	2.22237264924187e+01
6.81682000000000e+06	1.10578462934059e+01	2.22115959008174e+01
6.82683000000000e+06	1.10344463626157e+01	2.21995003959097e+01
6.83684000000000e+06	1.10110808989786e+01	2.21874397978848e+01
6.84685000000000e+06	1.09877498010538e+01	2.21754139281895e+01
6.85686000000000e+06	1.09644529678161e+01	2.21634226093682e+01
6.86687000000000e+06	1.09411902986650e+01	2.21514656652355e+01
6.87688000000000e+06	1.09179616934178e+01	2.21395429207301e+01
6.88689000000000e+06	1.08947670523090e+01	2.21276542020153e+01
6.89690000000000e+06	1.08716062759815e+01	2.21157993363185e+01
6.90691000000000e+06	1.08484792654977e+01	2.21039781521345e+01
6.91692000000000e+06	1.08253859223221e+01	2.20921904789794e+01
6.92693000000000e+06	1.08023261483329e+01	2.20804361475791e+01
6.93694000000000e+06	1.07792998458100e+01	2.20687149897789e+01
6.94695000000000e+06	1.07563069174365e+01	2.20570268385083e+01
6.95696000000000e+06	1.07333472662996e+01	2.20453715278196e+01
6.96697000000000e+06	1.07104207958838e+01	2.20337488928863e+01
6.97698000000000e+06	1.06875274100690e+01	2.20221587699145e+01
6.98699000000000e+06	1.06646670131353e+01	2.20106009962693e+01
6.99700000000000e+06	1.06418395097501e+01	2.19990754103262e+01
7.00701000000000e+06	1.06190448049749e+01	2.19875818515806e+01
7.01702000000000e+06	1.05962828042614e+01	2.19761201605301e+01
7.02703000000000e+06	1.05735534134450e+01	2.19646901787755e+01
7.03704000000000e+06	1.05508565387499e+01	2.19532917489845e+01
7.04705000000000e+06	1.05281920867807e+01	2.19419247147673e+01
7.05706000000000e+06	1.05055599645238e+01	2.19305889208332e+01
7.06707000000000e+06	1.04829600793465e+01	2.19192842128869e+01
7.07708000000000e+06	1.04603923389918e+01	2.19080104377011e+01
7.08709000000000e+06	1.04378566515780e+01	2.18967674429616e+01
7.09710000000000e+06	1.04153529255989e+01	2.18855550774342e+01
7.10711000000000e+06	1.03928810699187e+01	2.18743731908421e+01
7.11712000000000e+06	1.03704409937711e+01	2.18632216339013e+01
7.12713000000000e+06	1.03480326067576e+01	2.18521002583000e+01
7.13714000000000e+06	1.03256558188466e+01	2.18410089166959e+01
7.14715000000000e+06	1.03033105403710e+01	2.18299474627457e+01
7.15716000000000e+06	1.02809966820240e+01	2.18189157509695e+01
7.16717000000000e+06	1.02587141548623e+01	2.18079136369665e+01
7.17718000000000e+06	1.02364628702998e+01	2.17969409771698e+01
7.18719000000000e+06	1.02142427401077e+01	2.17859976290349e+01
7.19720000000000e+06	1.01920536764103e+01	2.17750834508505e+01
7.20721000000000e+06	1.01698955916902e+01	2.17641983019213e+01
7.21722000000000e+06	1.01477683987753e+01	2.17533420424206e+01
7.22723000000000e+06	1.01256720108496e+01	2.17425145334209e+01
7.23724000000000e+06	1.01036063414424e+01	2.17317156369492e+01
7.24725000000000e+06	1.00815713044277e+01	2.17209452158471e+01
7.25726000000000e+06	1.00595668140260e+01	2.17102031339403e+01
7.26727000000000e+06	1.00375927848019e+01	2.16994892558631e+01
7.27728000000000e+06	1.00156491316584e+01	2.16888034471548e+01
7.28729000000000e+06	9.99373576984178e+00	2.16781455742494e+01
7.29730000000000e+06	9.97185261493213e+00	2.16675155043984e+01
7.30731000000000e+06	9.94999958284881e+00	2.16569131057422e+01
7.31732000000000e+06	9.92817658984460e+00	2.16463382472784e+01
7.32733000000000e+06	9.90638355250498e+00	2.16357907988167e+01
7.33734000000000e+06	9.88462038774635e+00	2.16252706310543e+01
7.34735000000000e+06	9.86288701281684e+00	2.16147776154689e+01
7.35736000000000e+06	9.84118334528874e+00	2.16043116244092e+01
7.36737000000000e+06	9.81950930306451e+00	2.15938725310248e+01
7.37738000000000e+06	9.79786480436893e+00	2.15834602092951e+01
7.38739000000000e+06	9.77624976775162e+00	2.15730745339877e+01
7.39740000000000e+06	9.75466411208306e+00	2.15627153807105e+01
7.40741000000000e+06	9.73310775655258e+00	2.15523826258341e+01
7.41742000000000e+06	9.71158062066942e+00	2.15420761465257e+01
7.42743000000000e+06	9.69008262426004e+00	2.15317958207749e+01
7.43744000000000e+06	9.66861368746446e+00	2.15215415273117e+01
7.44745000000000e+06	9.64717373073822e+00	2.15113131456652e+01
7.45746000000000e+06	9.62576267484739e+00	2.15011105561288e+01
7.46747000000000e+06	9.60438044086956e+00	2.14909336397567e+01
7.47748000000000e+06	9.58302695019450e+00	2.14807822783874e+01
7.48749000000000e+06	9.56170212451258e+00	2.14706563545615e+01
7.49750000000000e+06	9.54040588582728e+00	2.14605557516212e+01
7.50751000000000e+06	9.51913815644354e+00	2.14504803536173e+01
7.51752000000000e+06	9.49789885897044e+00	2.14404300453829e+01
7.52753000000000e+06	9.47668791631789e+00	2.14304047124352e+01
7.53754000000000e+06	9.45550525169649e+00	2.14204042410311e+01
7.54755000000000e+06	9.43435078861705e+00	2.14104285181655e+01
7.55756000000000e+06	9.41322445088640e+00	2.14004774315538e+01
7.56757000000000e+06	9.39212616260562e+00	2.13905508696036e+01
7.57758000000000e+06	9.37105584817363e+00	2.13806487214424e+01
7.58759000000000e+06	9.35001343228175e+00	2.13707708768843e+01
7.59760000000000e+06	9.32899883991156e+00	2.13609172264726e+01
7.60761000000000e+06	9.30801199633597e+00	2.13510876614180e+01
7.61762000000000e+06	9.28705282711549e+00	2.13412820736224e+01
7.62763000000000e+06	9.26612125809968e+00	2.13315003556673e+01
7.63764000000000e+06	9.24521721542400e+00	2.13217424008348e+01
7.64765000000000e+06	9.22434062550837e+00	2.13120081030534e+01
7.65766000000000e+06	9.20349141505551e+00	2.13022973569382e+01
7.66767000000000e+06	9.18266951105043e+00	2.12926100577593e+01
7.67768000000000e+06	9.16187484075891e+00	2.12829461014349e+01
7.68769000000000e+06	9.14110733172768e+00	2.12733053845614e+01
7.69770000000000e+06	9.12036691177854e+00	2.12636878043462e+01
7.70771000000000e+06	9.09965350901185e+00	2.12540932587108e+01
7.71772000000000e+06	9.07896705180269e+00	2.12445216461429e+01
7.72773000000000e+06	9.05830746880106e+00	2.12349728658386e+01
7.73774000000000e+06	9.03767468892695e+00	2.12254468175205e+01
7.74775000000000e+06	9.01706864137682e+00	2.12159434016646e+01
7.75776000000000e+06	8.99648925561113e+00	2.12064625192677e+01
7.76777000000000e+06	8.97593646136432e+00	2.11970040720138e+01
7.77778000000000e+06	8.95541018863586e+00	2.11875679621620e+01
7.78779000000000e+06	8.93491036769226e+00	2.11781540925965e+01
7.79780000000000e+06	8.91443692906489e+00	2.11687623667971e+01
7.80781000000000e+06	8.89398980354786e+00	2.11593926888567e+01
7.81782000000000e+06	8.87356892220092e+00	2.11500449634436e+01
7.82783000000000e+06	8.85317421634033e+00	2.11407190958700e+01
7.83784000000000e+06	8.83280561754847e+00	2.11314149919686e+01
7.84785000000000e+06	8.81246305766106e+00	2.11221325582023e+01
7.85786000000000e+06	8.79214646877361e+00	2.11128717016158e+01
7.86787000000000e+06	8.77185578324044e+00	2.11036323297969e+01
7.87788000000000e+06	8.75159093366638e+00	2.10944143509295e+01
7.88789000000000e+06	8.73135185291334e+00	2.10852176737622e+01
7.89790000000000e+06	8.71113847409566e+00	2.10760422076290e+01
7.90791000000000e+06	8.69095073057903e+00	2.10668878623806e+01
7.91792000000000e+06	8.67078855597937e+00	2.10577545484433e+01
7.92793000000000e+06	8.65065188416263e+00	2.10486421768361e+01
7.93794000000000e+06	8.63054064924210e+00	2.10395506590636e+01
7.94795000000000e+06	8.61045478557855e+00	2.10304799071997e+01
7.95796000000000e+06	8.59039422777798e+00	2.10214298338805e+01
7.96797000000000e+06	8.57035891069172e+00	2.10124003522511e+01
7.97798000000000e+06	8.55034876941274e+00	2.10033913759915e+01
7.98799000000000e+06	8.53036373928021e+00	2.09944028193666e+01
7.99800000000000e+06	8.51040375587203e+00	2.09854345970789e+01
8.00801000000000e+06	8.49046875500492e+00	2.09764866244208e+01
8.01802000000000e+06	8.47055867273735e+00	2.09675588171646e+01
8.02803000000000e+06	8.45067344536461e+00	2.09586510916487e+01
8.03804000000000e+06	8.43081300941757e+00	2.09497633646575e+01
8.04805000000000e+06	8.41097730166580e+00	2.09408955535318e+01
8.05806000000000e+06	8.39116625910998e+00	2.09320475760953e+01
8.06807000000000e+06	8.37137981898673e+00	2.09232193506884e+01
8.07808000000000e+06	8.35161791876482e+00	2.09144107961362e+01
8.08809000000000e+06	8.33188049614259e+00	2.09056218317649e+01
8.09810000000000e+06	8.31216748905097e+00	2.08968523773820e+01
8.10811000000000e+06	8.29247883564990e+00	2.08881023533068e+01
8.11812000000000e+06	8.27281447432491e+00	2.08793716803153e+01
8.12813000000000e+06	8.25317434369255e+00	2.08706602797025e+01
8.13814000000000e+06	8.23355838259273e+00	2.08619680731699e+01
8.14815000000000e+06	8.21396653009129e+00	2.08532949829745e+01
8.15816000000000e+06	8.19439872547808e+00	2.08446409318014e+01
8.16817000000000e+06	8.17485490826546e+00	2.08360058428086e+01
8.17818000000000e+06	8.15533501818806e+00	2.08273896396106e+01
8.18819000000000e+06	8.13583899520265e+00	2.08187922463228e+01
8.19820000000000e+06	8.11636677948367e+00	2.08102135874569e+01
8.20821000000000e+06	8.09691831142731e+00	2.08016535880451e+01
8.21822000000000e+06	8.07749353164393e+00	2.07931121735278e+01
8.22823000000000e+06	8.05809238096460e+00	2.07845892697954e+01
8.23824000000000e+06	8.03871480043451e+00	2.07760848032023e+01
8.24825000000000e+06	8.01936073131392e+00	2.07675987005357e+01
8.25826000000000e+06	8.00003011507712e+00	2.07591308890508e+01
8.26827000000000e+06	7.98072289341189e+00	2.07506812963649e+01
8.27828000000000e+06	7.96143900821781e+00	2.07422498506304e+01
8.28829000000000e+06	7.94217840160409e+00	2.07338364803458e+01
8.29830000000000e+06	7.92294101589326e+00	2.07254411144867e+01
8.30831000000000e+06	7.90372679361437e+00	2.07170636824197e+01
8.31832000000000e+06	7.88453567750475e+00	2.07087041139692e+01
8.32833000000000e+06	7.86536761051143e+00	2.07003623393618e+01
8.33834000000000e+06	7.84622253578543e+00	2.06920382892295e+01
8.34835000000000e+06	7.82710039668358e+00	2.06837318946161e+01
8.35836000000000e+06	7.80800113676826e+00	2.06754430870094e+01
8.36837000000000e+06	7.78892469980389e+00	2.06671717982771e+01
8.37838000000000e+06	7.76987102975833e+00	2.06589179606877e+01
8.38839000000000e+06	7.75084007080214e+00	2.06506815069375e+01
8.39840000000000e+06	7.73183176730493e+00	2.06424623700901e+01
8.40841000000000e+06	7.71284606383765e+00	2.06342604836388e+01
8.41842000000000e+06	7.69388290516893e+00	2.06260757814378e+01
8.42843000000000e+06	7.67494223626714e+00	2.06179081977709e+01
8.43844000000000e+06	7.65602400229624e+00	2.06097576672638e+01
8.44845000000000e+06	7.63712814861834e+00	2.06016241249578e+01
8.45846000000000e+06	7.61825462078915e+00	2.05935075062947e+01
8.46847000000000e+06	7.59940336455966e+00	2.05854077470639e+01
8.47848000000000e+06	7.58057432587646e+00	2.05773247834419e+01
8.48849000000000e+06	7.56176745087521e+00	2.05692585519958e+01
8.49850000000000e+06	7.54298268588689e+00	2.05612089896481e+01
8.50851000000000e+06	7.52421997743204e+00	2.05531760336789e+01
8.51852000000000e+06	7.50547927222264e+00	2.05451596217855e+01
8.52853000000000e+06	7.48676051715935e+00	2.05371596919961e+01
8.53854000000000e+06	7.46806365933026e+00	2.05291761826814e+01
8.54855000000000e+06	7.44938864601412e+00	2.05212090326201e+01
8.55856000000000e+06	7.43073542467397e+00	2.05132581809352e+01
8.56857000000000e+06	7.41210394295962e+00	2.05053235670843e+01
8.57858000000000e+06	7.39349414870714e+00	2.04974051308729e+01
8.58859000000000e+06	7.37490598993651e+00	2.04895028125207e+01
8.59860000000000e+06	7.35633941485053e+00	2.04816165525098e+01
8.60861000000000e+06	7.33779437183614e+00	2.04737462917321e+01
8.61862000000000e+06	7.31927080946113e+00	2.04658919713962e+01
8.62863000000000e+06	7.30076867647546e+00	2.04580535330602e+01
8.63864000000000e+06	7.28228792180921e+00	2.04502309186143e+01
8.64865000000000e+06	7.26382849457162e+00	2.04424240703047e+01
8.65866000000000e+06	7.24539034405062e+00	2.04346329306743e+01
8.66867000000000e+06	7.22697341971454e+00	2.04268574426390e+01
8.67868000000000e+06	7.20857767120517e+00	2.04190975494126e+01
8.68869000000000e+06	7.19020304834349e+00	2.04113531945781e+01
8.69870000000000e+06	7.17184950112470e+00	2.04036243219913e+01
8.70871000000000e+06	7.15351697971984e+00	2.03959108758829e+01
8.71872000000000e+06	7.13520543447522e+00	2.03882128007773e+01
8.72873000000000e+06	7.11691481590693e+00	2.03805300414971e+01
8.73874000000000e+06	7.09864507470753e+00	2.03728625432315e+01
8.74875000000000e+06	7.08039616173938e+00	2.03652102514460e+01
8.75876000000000e+06	7.06216802803673e+00	2.03575731119395e+01
8.76877000000000e+06	7.04396062480332e+00	2.03499510708274e+01
8.77878000000000e+06	7.02577390341304e+00	2.03423440745044e+01
8.78879000000000e+06	7.00760781541024e+00	2.03347520696823e+01
8.79880000000000e+06	6.98946231250435e+00	2.03271750034048e+01
8.80881000000000e+06	6.97133734657488e+00	2.03196128229845e+01
8.81882000000000e+06	6.95323286966614e+00	2.03120654760552e+01
8.82883000000000e+06	6.93514883398967e+00	2.03045329105314e+01
8.83884000000000e+06	6.91708519192212e+00	2.02970150746438e+01
8.84885000000000e+06	6.89904189600389e+00	2.02895119168923e+01
8.85886000000000e+06	6.88101889894034e+00	2.02820233861039e+01
8.86887000000000e+06	6.86301615359852e+00	2.02745494313834e+01
8.87888000000000e+06	6.84503361300879e+00	2.02670900020885e+01
8.88889000000000e+06	6.82707123036407e+00	2.02596450479122e+01
8.89890000000000e+06	6.80912895901602e+00	2.02522145187954e+01
8.90891000000000e+06	6.79120675247836e+00	2.02447983650086e+01
8.91892000000000e+06	6.77330456442378e+00	2.02373965370460e+01
8.92893000000000e+06	6.75542234868472e+00	2.02300089857233e+01
8.93894000000000e+06	6.73756005924978e+00	2.02226356621359e+01
8.94895000000000e+06	6.71971765026781e+00	2.02152765175938e+01
8.95896000000000e+06	6.70189507604251e+00	2.02079315037671e+01
8.96897000000000e+06	6.68409229103411e+00	2.02006005725282e+01
8.97898000000000e+06	6.66630924985983e+00	2.01932836760614e+01
8.98899000000000e+06	6.64854590728964e+00	2.01859807667821e+01
8.99900000000000e+06	6.63080221824850e+00	2.01786917974367e+01
9.00901000000000e+06	6.61307813781593e+00	2.01714167209461e+01
9.01902000000000e+06	6.59537362122293e+00	2.01641554905752e+01
9.02903000000000e+06	6.57768862385385e+00	2.01569080597954e+01
9.03904000000000e+06	6.56002310124302e+00	2.01496743823613e+01
9.04905000000000e+06	6.54237700907742e+00	2.01424544123041e+01
9.05906000000000e+06	6.52475030319317e+00	2.01352481038503e+01
9.06907000000000e+06	6.50714293957656e+00	2.01280554115571e+01
9.07908000000000e+06	6.48955487436189e+00	2.01208762901703e+01
9.08909000000000e+06	6.47198606383386e+00	2.01137106947264e+01
9.09910000000000e+06	6.45443646442284e+00	2.01065585804842e+01
9.10911000000000e+06	6.43690603270702e+00	2.00994199029736e+01
9.11912000000000e+06	6.41939472541220e+00	2.00922946179588e+01
9.12913000000000e+06	6.40190249940707e+00	2.00851826814474e+01
9.13914000000000e+06	6.38442931170865e+00	2.00780840496953e+01
9.14915000000000e+06	6.36697511947780e+00	2.00709986791803e+01
9.15916000000000e+06	6.34953988001738e+00	2.00639265266554e+01
9.16917000000000e+06	6.33212355077624e+00	2.00568675490808e+01
9.17918000000000e+06	6.31472608934409e+00	2.00498217036450e+01
9.18919000000000e+06	6.29734745345398e+00	2.00427889478297e+01
9.19920000000000e+06	6.27998760098058e+00	2.00357692392820e+01
9.20921000000000e+06	6.26264648993741e+00	2.00287625358992e+01
9.21922000000000e+06	6.24532407848238e+00	2.00217687958482e+01
9.22923000000000e+06	6.22802032490916e+00	2.00147879774622e+01
9.23924000000000e+06	6.21073518765355e+00	2.00078200393634e+01
9.24925000000000e+06	6.19346862528774e+00	2.00008649403363e+01
9.25926000000000e+06	6.17622059652276e+00	1.99939226394576e+01
9.26927000000000e+06	6.15899106020768e+00	1.99869930959740e+01
9.27928000000000e+06	6.14177997532716e+00	1.99800762693454e+01
9.28929000000000e+06	6.12458730100385e+00	1.99731721193138e+01
9.29930000000000e+06	6.10741299649467e+00	1.99662806057953e+01
9.30931000000000e+06	6.09025702119241e+00	1.99594016889196e+01
9.31932000000000e+06	6.07311933462411e+00	1.99525353290502e+01
9.32933000000000e+06	6.05599989645019e+00	1.99456814867511e+01
9.33934000000000e+06	6.03889866646685e+00	1.99388401228014e+01
9.34935000000000e+06	6.02181560460046e+00	1.99320111982192e+01
9.35936000000000e+06	6.00475067091092e+00	1.99251946741682e+01
9.36937000000000e+06	5.98770382558946e+00	1.99183905120755e+01
9.37938000000000e+06	5.97067502895958e+00	1.99115986735906e+01
9.38939000000000e+06	5.95366424147439e+00	1.99048191204800e+01
9.39940000000000e+06	5.93667142371795e+00	1.98980518148137e+01
9.40941000000000e+06	5.91969653640292e+00	1.98912967188191e+01
9.41942000000000e+06	5.90273954037191e+00	1.98845537949203e+01
9.42943000000000e+06	5.88580039659540e+00	1.98778230057543e+01
9.43944000000000e+06	5.86887906617237e+00	1.98711043141343e+01
9.44945000000000e+06	5.85197551032987e+00	1.98643976831348e+01
9.45946000000000e+06	5.83508969041848e+00	1.98577030759393e+01
9.46947000000000e+06	5.81822156792077e+00	1.98510204559862e+01
9.47948000000000e+06	5.80137110444054e+00	1.98443497868978e+01
9.48949000000000e+06	5.78453826170920e+00	1.98376910324711e+01
9.49950000000000e+06	5.76772300158165e+00	1.98310441567199e+01
9.50951000000000e+06	5.75092528603865e+00	1.98244091238273e+01
9.51952000000000e+06	5.73414507718303e+00	1.98177858981606e+01
9.52953000000000e+06	5.71738233724204e+00	1.98111744443025e+01
9.53954000000000e+06	5.70063702856584e+00	1.98045747269876e+01
9.54955000000000e+06	5.68390911362627e+00	1.97979867111779e+01
9.55956000000000e+06	5.66719855501755e+00	1.97914103619783e+01
9.56957000000000e+06	5.65050531545360e+00	1.97848456447096e+01
9.57958000000000e+06	5.63382935777159e+00	1.97782925248453e+01
9.58959000000000e+06	5.61717064492708e+00	1.97717509680490e+01
9.59960000000000e+06	5.60052913999598e+00	1.97652209401763e+01
9.60961000000000e+06	5.58390480617321e+00	1.97587024072562e+01
9.61962000000000e+06	5.56729760677289e+00	1.97521953354685e+01
9.62963000000000e+06	5.55070750522785e+00	1.97456996912147e+01
9.63964000000000e+06	5.53413446508768e+00	1.97392154410309e+01
9.64965000000000e+06	5.51757845001987e+00	1.97327425516509e+01
9.65966000000000e+06	5.50103942380929e+00	1.97262809899757e+01
9.66967000000000e+06	5.48451735035603e+00	1.97198307230624e+01
9.67968000000000e+06	5.46801219367672e+00	1.97133917181609e+01
9.68969000000000e+06	5.45152391790367e+00	1.97069639426773e+01
9.69970000000000e+06	5.43505248728348e+00	1.97005473641794e+01
9.70971000000000e+06	5.41859786617889e+00	1.96941419504248e+01
9.71972000000000e+06	5.40216001906369e+00	1.96877476693092e+01
9.72973000000000e+06	5.38573891052777e+00	1.96813644889194e+01
9.73974000000000e+06	5.36933450527359e+00	1.96749923774870e+01
9.74975000000000e+06	5.35294676811593e+00	1.96686313034002e+01
9.75976000000000e+06	5.33657566398142e+00	1.96622812352450e+01
9.76977000000000e+06	5.32022115790936e+00	1.96559421417230e+01
9.77978000000000e+06	5.30388321504961e+00	1.96496139917305e+01
9.78979000000000e+06	5.28756180066202e+00	1.96432967542831e+01
9.79980000000000e+06	5.27125688011921e+00	1.96369903986138e+01
9.80981000000000e+06	5.25496841890167e+00	1.96306948940529e+01
9.81982000000000e+06	5.23869638260055e+00	1.96244102101261e+01
9.82983000000000e+06	5.22244073691428e+00	1.96181363164707e+01
9.83984000000000e+06	5.20620144765246e+00	1.96118731829270e+01
9.84985000000000e+06	5.18997848073108e+00	1.96056207794691e+01
9.85986000000000e+06	5.17377180217379e+00	1.95993790762007e+01
9.86987000000000e+06	5.15758137811262e+00	1.95931480434018e+01
9.87988000000000e+06	5.14140717478634e+00	1.95869276514976e+01
9.88989000000000e+06	5.12524915853906e+00	1.95807178710536e+01
9.89990000000000e+06	5.10910729582005e+00	1.95745186727786e+01
9.90991000000000e+06	5.09298155318850e+00	1.95683300275643e+01
9.91992000000000e+06	5.07687189730391e+00	1.95621519063969e+01
9.92993000000000e+06	5.06077829493307e+00	1.95559842804348e+01
9.93994000000000e+06	5.04470071294635e+00	1.95498271209779e+01
9.94995000000000e+06	5.02863911831830e+00	1.95436803994666e+01
9.95996000000000e+06	5.01259347812632e+00	1.95375440874813e+01
9.96997000000000e+06	4.99656375955204e+00	1.95314181567600e+01
9.97998000000000e+06	4.98054992987832e+00	1.95253025791544e+01
9.98999000000000e+06	4.96455195649156e+00	1.95191973266904e+01
1.00000000000000e+07	4.94856980687896e+00	1.95131023714874e+01
