time	V(n004)
0.000000000000000e+00	4.353402e-01
1.383360386833477e-09	4.338114e-01
4.150081160503820e-09	4.330395e-01
9.683522707844505e-09	4.330346e-01
1.647376763841974e-08	4.330309e-01
2.653596376035839e-08	4.330309e-01
3.790892580927494e-08	4.330309e-01
6.065484990710804e-08	4.330309e-01
8.970084825580889e-08	4.330309e-01
1.236514570665808e-07	4.330309e-01
1.575214025024880e-07	4.330309e-01
1.968973755356722e-07	4.330309e-01
2.390002134425811e-07	4.330309e-01
2.896248805816696e-07	4.330309e-01
3.476569956043657e-07	4.330312e-01
4.236585294273244e-07	1.611678e+00
4.556708013310959e-07	3.867618e+00
4.559743553664584e-07	3.986248e+00
4.565814634371869e-07	4.387896e+00
4.574941233719519e-07	4.969082e+00
4.579302470307113e-07	5.230465e+00
4.584417438634849e-07	5.518214e+00
4.587141814516363e-07	5.660185e+00
4.591120116559186e-07	5.815754e+00
4.599076720644866e-07	5.957876e+00
4.611899970857366e-07	6.000600e+00
4.626288213835271e-07	5.999660e+00
4.644661501885154e-07	6.000243e+00
4.681408077984922e-07	5.999918e+00
4.754901230184456e-07	6.000034e+00
4.901887534583526e-07	5.999987e+00
5.162676399572578e-07	6.000007e+00
5.618610770157749e-07	5.999998e+00
6.248574964472746e-07	6.000002e+00
7.225137464472740e-07	6.000000e+00
1.015482496447272e-06	6.000000e+00
1.210794996447271e-06	6.000000e+00
1.406107496447270e-06	6.000000e+00
1.601419996447269e-06	6.000000e+00
1.699076246447268e-06	6.000000e+00
1.796732496447268e-06	6.000000e+00
1.894388746447267e-06	6.000000e+00
1.992044996447266e-06	6.000000e+00
2.089701246447266e-06	6.000000e+00
2.187357496447265e-06	6.000000e+00
2.285013746447265e-06	6.000002e+00
2.340930067715797e-06	5.999997e+00
2.376523435853413e-06	6.000000e+00
2.413485384775296e-06	5.999987e+00
2.427993909361645e-06	5.999992e+00
2.450245455370508e-06	6.000002e+00
2.475337985982781e-06	5.999998e+00
2.506103116921177e-06	6.000003e+00
2.550687202946208e-06	6.000000e+00
2.596939657796638e-06	6.000003e+00
2.689444567497498e-06	6.000000e+00
2.773297943146844e-06	6.000000e+00
2.870954193146844e-06	6.000000e+00
2.968610443146843e-06	6.000000e+00
3.066266693146842e-06	6.000000e+00
3.163922943146842e-06	6.000000e+00
3.261579193146841e-06	6.000000e+00
3.359235443146841e-06	6.000000e+00
3.456891693146840e-06	6.000000e+00
3.554547943146839e-06	6.000000e+00
3.652204193146839e-06	6.000002e+00
3.701928854777497e-06	5.999662e+00
3.706506491496247e-06	5.999996e+00
3.712610007121246e-06	6.000001e+00
3.722285535541872e-06	6.000001e+00
3.728093429769796e-06	5.894351e+00
3.730942452495416e-06	5.247260e+00
3.733201502192698e-06	3.877141e+00
3.734627389662214e-06	2.786403e+00
3.736349625806689e-06	1.624523e+00
3.738369754748216e-06	5.809208e-01
3.738969609054227e-06	4.540406e-01
3.739465591245641e-06	4.521357e-01
3.740030200485086e-06	4.505356e-01
3.741159418963975e-06	4.481149e-01
3.742381353898773e-06	4.460404e-01
3.744515062183428e-06	4.433457e-01
3.747379111464897e-06	4.406644e-01
3.751712952081976e-06	4.378778e-01
3.758138535728205e-06	4.354193e-01
3.770068442214308e-06	4.336182e-01
3.792340519886574e-06	4.330159e-01
3.836884675231108e-06	4.330385e-01
3.896402961130431e-06	4.330489e-01
3.994059211130430e-06	4.330475e-01
4.091715461130430e-06	4.330415e-01
4.189371711130429e-06	4.330363e-01
4.287027961130429e-06	4.330394e-01
4.384684211130428e-06	4.330394e-01
4.482340461130427e-06	4.330362e-01
4.579996711130427e-06	4.330392e-01
4.677652961130426e-06	4.330423e-01
4.775309211130426e-06	4.330404e-01
4.826180842752070e-06	4.330364e-01
4.865036226839784e-06	4.330339e-01
4.892472149019866e-06	4.330378e-01
4.925572617366529e-06	4.330429e-01
4.960452879660355e-06	4.330440e-01
5.006468949848875e-06	4.330461e-01
5.078848112895523e-06	4.330471e-01
5.150658549719304e-06	4.330455e-01
5.248314799719303e-06	4.330306e-01
5.298361504706079e-06	4.324916e-01
5.299887383612329e-06	4.326611e-01
5.302939141424829e-06	4.330325e-01
5.309042657049828e-06	4.330318e-01
5.319874729796833e-06	4.346167e-01
5.341538875290848e-06	1.030215e+00
5.349621345981755e-06	2.825855e+00
5.354836018123920e-06	5.605559e+00
5.355116845585920e-06	5.758519e+00
5.355678500509915e-06	5.943695e+00
5.356008376224143e-06	5.991813e+00
5.356300293476552e-06	5.999066e+00
5.356610174194263e-06	5.999841e+00
5.357118350375710e-06	5.999990e+00
5.359286338578291e-06	5.999995e+00
5.361454326780872e-06	6.000000e+00
5.363622314983454e-06	6.000002e+00
5.365790303186035e-06	6.000004e+00
5.367958291388617e-06	6.000004e+00
5.370126279591197e-06	6.000003e+00
5.372294267793779e-06	6.000000e+00
5.379702876542394e-06	6.000000e+00
5.392642750853479e-06	6.000000e+00
5.418522499475650e-06	6.000000e+00
5.457419756205010e-06	6.000000e+00
5.535214269663729e-06	6.000000e+00
5.730526769663728e-06	6.000000e+00
5.828183019663727e-06	6.000000e+00
6.023495519663726e-06	6.000000e+00
6.218808019663725e-06	6.000000e+00
6.414120519663724e-06	6.000000e+00
6.511776769663723e-06	6.000000e+00
6.609433019663723e-06	6.000000e+00
6.707089269663722e-06	6.000000e+00
6.804745519663721e-06	6.000000e+00
6.902401769663721e-06	6.000000e+00
7.000058019663720e-06	6.000000e+00
7.097714269663720e-06	6.000000e+00
7.195370519663719e-06	6.000000e+00
7.252102088871920e-06	6.000000e+00
7.288330170553440e-06	6.000000e+00
7.325458389680585e-06	6.000000e+00
7.339700540884700e-06	6.000000e+00
7.362212141234021e-06	6.000000e+00
7.387303670809661e-06	6.000000e+00
7.417308893822864e-06	6.000000e+00
7.459881371986731e-06	6.000000e+00
7.505248272187328e-06	6.000000e+00
7.585006654313056e-06	6.000000e+00
7.667322816684286e-06	6.000000e+00
7.764979066684285e-06	6.000000e+00
7.862635316684285e-06	6.000000e+00
7.960291566684284e-06	6.000000e+00
8.057947816684283e-06	6.000000e+00
8.155604066684283e-06	6.000000e+00
8.253260316684282e-06	6.000000e+00
8.350916566684282e-06	6.000000e+00
8.448572816684281e-06	6.000000e+00
8.546229066684280e-06	6.000000e+00
8.598639203928904e-06	6.000000e+00
8.600165082835154e-06	6.000000e+00
8.603216840647653e-06	6.000000e+00
8.609320356272653e-06	6.000000e+00
8.618294026762991e-06	6.000000e+00
8.633281287288204e-06	6.000000e+00
8.644066739260413e-06	6.000000e+00
8.644134213955647e-06	6.000000e+00
8.644269163346116e-06	5.993086e+00
8.644539062127056e-06	5.930773e+00
8.644748850331046e-06	5.815456e+00
8.644987914408540e-06	5.628115e+00
8.645466042563525e-06	5.232682e+00
8.646176941459292e-06	4.650999e+00
8.647598739250830e-06	3.537100e+00
8.650017194044681e-06	1.772616e+00
8.651688675897748e-06	7.406633e-01
8.652420183569770e-06	5.026192e-01
8.653238227417695e-06	4.528250e-01
8.653598771314005e-06	4.515696e-01
8.654177973687425e-06	4.500293e-01
8.655157497498334e-06	4.480013e-01
8.656151300544738e-06	4.462885e-01
8.657990472930387e-06	4.438401e-01
8.660215354563926e-06	4.415489e-01
8.663591702355967e-06	4.390261e-01
8.668333068009824e-06	4.365812e-01
8.676206508334663e-06	4.344122e-01
8.690143138374319e-06	4.332549e-01
8.718016398453630e-06	4.330478e-01
8.757090803750177e-06	4.330578e-01
8.835239614343272e-06	4.330578e-01
8.932895864343272e-06	4.330490e-01
9.030552114343271e-06	4.330351e-01
9.128208364343271e-06	4.330339e-01
9.225864614343270e-06	4.330420e-01
9.323520864343269e-06	4.330420e-01
9.421177114343269e-06	4.330380e-01
9.518833364343268e-06	4.330420e-01
9.616489614343268e-06	4.330420e-01
9.714145864343267e-06	4.330329e-01
9.762690554421021e-06	4.330300e-01
9.812853912311314e-06	4.330336e-01
9.835854413730244e-06	4.330394e-01
9.868196960446811e-06	4.330485e-01
9.913379304918398e-06	4.330520e-01
9.965436828390111e-06	4.330523e-01
1.006309307839011e-05	4.330547e-01
1.015358333224706e-05	4.330499e-01
1.025123958224706e-05	1.444733e+00
1.028310199530893e-05	3.186520e+00
1.028332746045865e-05	3.277455e+00
1.028377839075808e-05	3.598988e+00
1.028468025135693e-05	4.215119e+00
1.028610179662559e-05	5.107283e+00
1.028719580740064e-05	5.706047e+00
1.028772047956965e-05	5.902438e+00
1.028829812361002e-05	5.994687e+00
1.028909120122520e-05	6.000310e+00
1.029001180982005e-05	5.999993e+00
1.029095206614169e-05	6.000005e+00
1.029277805866639e-05	5.999999e+00
1.029513427438257e-05	6.000000e+00
1.029887159261787e-05	6.000000e+00
1.030435748590467e-05	6.000000e+00
1.031367138093169e-05	6.000000e+00
1.033044105279711e-05	6.000000e+00
1.036398039652795e-05	6.000000e+00
1.040374433359066e-05	6.000000e+00
1.048327220771608e-05	6.000000e+00
1.058092845771607e-05	6.000000e+00
1.067858470771608e-05	6.000000e+00
1.077624095771608e-05	6.000000e+00
1.097155345771609e-05	6.000000e+00
1.116686595771609e-05	6.000000e+00
1.136217845771610e-05	6.000000e+00
1.145983470771610e-05	6.000000e+00
1.155749095771610e-05	6.000000e+00
1.165514720771611e-05	6.000000e+00
1.175280345771611e-05	6.000000e+00
1.185045970771611e-05	6.000000e+00
1.194811595771611e-05	6.000000e+00
1.204577220771612e-05	6.000000e+00
1.214342845771612e-05	6.000000e+00
1.219071590062789e-05	6.000000e+00
1.222008478422174e-05	6.000000e+00
1.223962359382090e-05	6.000000e+00
1.226392788784068e-05	6.000000e+00
1.228628811739142e-05	6.000000e+00
1.231092670422796e-05	6.000000e+00
1.234219763540282e-05	6.000000e+00
1.237756344427804e-05	6.000000e+00
1.242901098581828e-05	6.000000e+00
1.248473749155484e-05	6.000000e+00
1.258239374155485e-05	6.000000e+00
1.268004999155485e-05	6.000000e+00
1.277770624155485e-05	6.000000e+00
1.287536249155485e-05	6.000000e+00
1.297301874155486e-05	6.000000e+00
1.307067499155486e-05	6.000000e+00
1.316833124155486e-05	6.000000e+00
1.326598749155487e-05	6.000000e+00
1.336364374155487e-05	6.000000e+00
1.346129999155487e-05	6.000000e+00
1.351371230919645e-05	6.000001e+00
1.351828994591520e-05	6.000000e+00
1.352439346154020e-05	6.000000e+00
1.353592716978509e-05	6.000000e+00
1.354417163129783e-05	6.000000e+00
1.355881111915120e-05	6.000000e+00
1.355894190010169e-05	6.000000e+00
1.355920346200267e-05	6.000000e+00
1.355972658580463e-05	6.000000e+00
1.356009994300491e-05	6.000000e+00
1.356043819707278e-05	5.999450e+00
1.356076330208775e-05	5.952785e+00
1.356111182864741e-05	5.773617e+00
1.356180888176674e-05	5.225025e+00
1.356254526650404e-05	4.619956e+00
1.356353265734343e-05	3.837009e+00
1.356550743902220e-05	2.407298e+00
1.356849786788243e-05	6.383242e-01
1.356921570785178e-05	4.544108e-01
1.356985648870158e-05	4.518897e-01
1.357056552714392e-05	4.499832e-01
1.357158081626266e-05	4.477974e-01
1.357403117035279e-05	4.441135e-01
1.357775358900654e-05	4.404538e-01
1.358458454536682e-05	4.365219e-01
1.359083135953822e-05	4.346385e-01
1.360153719850221e-05	4.334186e-01
1.362248490549407e-05	4.331245e-01
1.366438031947778e-05	4.331652e-01
1.373235288405884e-05	4.331430e-01
1.383000913405884e-05	4.331195e-01
1.392766538405884e-05	4.330839e-01
1.402532163405885e-05	4.330592e-01
1.412297788405885e-05	4.330747e-01
1.422063413405885e-05	4.330748e-01
1.431829038405885e-05	4.330595e-01
1.441594663405886e-05	4.330766e-01
1.451360288405886e-05	4.330926e-01
1.461125913405886e-05	4.330707e-01
1.466025136719943e-05	4.330411e-01
1.469989431721036e-05	4.330406e-01
1.472360869953732e-05	4.330658e-01
1.475328443076245e-05	4.330985e-01
1.479530951476965e-05	4.331105e-01
1.483774934686541e-05	4.331078e-01
1.490487380271038e-05	4.331123e-01
1.497643853252458e-05	4.331092e-01
1.507409478252458e-05	4.319113e-01
1.508034705730033e-05	4.322368e-01
1.509285160685183e-05	4.330399e-01
1.511786070595483e-05	4.330350e-01
1.514781422355236e-05	4.330250e-01
1.516729149676111e-05	4.353522e-01
1.516827919111332e-05	4.358985e-01
1.517025457981776e-05	4.379399e-01
1.517156752416976e-05	4.399096e-01
1.517311806308074e-05	4.434297e-01
1.517532246802530e-05	4.512299e-01
1.517647965742057e-05	5.978122e-01
1.517714795404296e-05	9.404510e-01
1.517774946427309e-05	1.429889e+00
1.517848632747556e-05	2.043875e+00
1.517923230080852e-05	2.633661e+00
1.518072424747446e-05	3.719107e+00
1.518295659165688e-05	5.090565e+00
1.518470392257976e-05	5.853565e+00
1.518536229404342e-05	5.990556e+00
1.518585052928169e-05	6.005121e+00
1.518639377812846e-05	5.999370e+00
1.518748027582200e-05	6.000023e+00
1.519027831033257e-05	6.000005e+00
1.519256195388444e-05	5.999998e+00
1.519562178605290e-05	6.000001e+00
1.520739130831983e-05	6.000000e+00
1.522058694580213e-05	6.000000e+00
1.524660537966337e-05	6.000000e+00
1.528663681515945e-05	6.000000e+00
1.536669968615160e-05	6.000000e+00
1.546435593615160e-05	6.000000e+00
1.556201218615160e-05	6.000000e+00
1.565966843615160e-05	6.000000e+00
1.585498093615161e-05	6.000000e+00
1.605029343615162e-05	6.000000e+00
1.624560593615162e-05	6.000000e+00
1.634326218615162e-05	6.000000e+00
1.644091843615163e-05	6.000000e+00
1.653857468615163e-05	6.000000e+00
1.663623093615163e-05	6.000000e+00
1.673388718615163e-05	6.000000e+00
1.683154343615164e-05	6.000000e+00
1.692919968615164e-05	6.000000e+00
1.702685593615164e-05	6.000000e+00
1.708261323163235e-05	6.000000e+00
1.711807810224006e-05	6.000000e+00
1.715500575848090e-05	6.000000e+00
1.716986128909100e-05	6.000000e+00
1.719189542142522e-05	6.000000e+00
1.721710162594841e-05	6.000000e+00
1.724798971870732e-05	6.000000e+00
1.729766879778096e-05	6.000000e+00
1.734259325572053e-05	6.000000e+00
1.743244217159965e-05	6.000000e+00
1.751884235920800e-05	6.000000e+00
1.761649860920801e-05	6.000000e+00
1.771415485920801e-05	6.000000e+00
1.781181110920801e-05	6.000000e+00
1.790946735920802e-05	6.000000e+00
1.800712360920802e-05	6.000000e+00
1.810477985920802e-05	6.000000e+00
1.820243610920802e-05	6.000000e+00
1.830009235920803e-05	6.000000e+00
1.839774860920803e-05	6.000000e+00
1.845014662395965e-05	5.999996e+00
1.846235365520964e-05	5.999998e+00
1.847193168878717e-05	6.000000e+00
1.847199282360385e-05	6.000000e+00
1.847211509323722e-05	6.000000e+00
1.847226305301524e-05	6.000000e+00
1.847245173541735e-05	6.000000e+00
1.847265687857962e-05	5.987839e+00
1.847286141425343e-05	5.918187e+00
1.847324405414611e-05	5.657367e+00
1.847380716933979e-05	5.197993e+00
1.847442210970720e-05	4.693012e+00
1.847565199044202e-05	3.723502e+00
1.847795399314509e-05	2.030241e+00
1.847998698158643e-05	7.476621e-01
1.848071256897084e-05	5.049526e-01
1.848160471206843e-05	4.525846e-01
1.848197577569077e-05	4.513142e-01
1.848259603063051e-05	4.497795e-01
1.848383654050998e-05	4.474245e-01
1.848631683699515e-05	4.440727e-01
1.849127742996548e-05	4.398065e-01
1.849956400295826e-05	4.361109e-01
1.851613714894384e-05	4.336395e-01
1.854106073008846e-05	4.330115e-01
1.858587801239446e-05	4.330212e-01
1.866202788028898e-05	4.330302e-01
1.875968413028899e-05	4.330311e-01
1.885734038028899e-05	4.330310e-01
1.895499663028899e-05	4.330310e-01
1.905265288028900e-05	4.330312e-01
1.915030913028900e-05	4.330312e-01
1.924796538028900e-05	4.330311e-01
1.934562163028900e-05	4.330312e-01
1.944327788028901e-05	4.330312e-01
1.954093413028901e-05	4.330309e-01
1.958945417729873e-05	4.330309e-01
1.963956034491369e-05	4.330309e-01
1.966274906572199e-05	4.330311e-01
1.969459356546721e-05	4.330314e-01
1.973974009660775e-05	4.330315e-01
1.979061643633263e-05	4.330316e-01
1.987835563272673e-05	4.330316e-01
1.996847671286948e-05	4.330314e-01
2.006613296286948e-05	2.003467e+00
2.010756265967555e-05	5.003143e+00
2.010798195136994e-05	5.144865e+00
2.010882053475870e-05	5.602216e+00
2.010934566516309e-05	5.848119e+00
2.010967623126380e-05	5.944278e+00
2.011013153430632e-05	5.995465e+00
2.011071776088330e-05	6.000221e+00
2.011143204480867e-05	6.000007e+00
2.011263493347465e-05	5.999999e+00
2.011479292487947e-05	6.000000e+00
2.011910890768910e-05	6.000000e+00
2.012556510062899e-05	6.000000e+00
2.013847748650876e-05	6.000000e+00
2.015719474975672e-05	6.000000e+00
2.019462927625262e-05	6.000000e+00
2.024050678164595e-05	6.000000e+00
2.033226179243262e-05	6.000000e+00
2.052757429243263e-05	6.000000e+00
2.072288679243263e-05	6.000000e+00
2.091819929243264e-05	6.000000e+00
2.111351179243264e-05	6.000000e+00
2.121116804243265e-05	6.000000e+00
2.130882429243265e-05	6.000000e+00
2.140648054243265e-05	6.000000e+00
2.150413679243266e-05	6.000000e+00
2.160179304243266e-05	6.000000e+00
2.169944929243266e-05	6.000000e+00
2.179710554243266e-05	6.000000e+00
2.189476179243267e-05	6.000000e+00
2.199241804243267e-05	6.000000e+00
2.203836518381453e-05	6.000000e+00
2.207370617935422e-05	6.000000e+00
2.209117545096942e-05	6.000000e+00
2.211521343102252e-05	6.000000e+00
2.214266696260845e-05	6.000000e+00
2.217126856665054e-05	6.000000e+00
2.221200414981538e-05	6.000000e+00
2.225662837642066e-05	6.000000e+00
2.232884897901400e-05	6.000000e+00
2.240435365283499e-05	6.000000e+00
2.250200990283500e-05	6.000000e+00
2.259966615283500e-05	6.000000e+00
2.269732240283500e-05	6.000000e+00
2.279497865283501e-05	6.000000e+00
2.289263490283501e-05	6.000000e+00
2.299029115283501e-05	6.000000e+00
2.308794740283501e-05	6.000000e+00
2.318560365283502e-05	6.000000e+00
2.328325990283502e-05	6.000000e+00
2.329853369880860e-05	6.000000e+00
2.331889876010672e-05	6.000000e+00
2.335962888270295e-05	6.000000e+00
2.337697909080847e-05	5.985208e+00
2.338768935595370e-05	5.933820e+00
2.338777948053861e-05	5.907291e+00
2.338795972970842e-05	5.784887e+00
2.338832022804804e-05	5.495537e+00
2.338877836587524e-05	5.116942e+00
2.338969464152964e-05	4.374271e+00
2.339148464842467e-05	3.012346e+00
2.339464713854390e-05	7.693374e-01
2.339479743986058e-05	6.739233e-01
2.339499784161615e-05	5.646749e-01
2.339523191499010e-05	4.867657e-01
2.339554698524987e-05	4.566548e-01
2.339575910200000e-05	4.552452e-01
2.339601535654355e-05	4.542013e-01
2.339651449524847e-05	4.523250e-01
2.339787999210006e-05	4.488741e-01
2.339904666324369e-05	4.467514e-01
2.340071421170689e-05	4.443953e-01
2.340336113741034e-05	4.416245e-01
2.340692437332358e-05	4.389626e-01
2.341269740155090e-05	4.361648e-01
2.342181329721764e-05	4.340105e-01
2.344004508855112e-05	4.330698e-01
2.347650867121807e-05	4.330361e-01
2.351694963918591e-05	4.330449e-01
2.359783157512158e-05	4.330484e-01
2.369548782512158e-05	4.330435e-01
2.379314407512158e-05	4.330359e-01
2.389080032512159e-05	4.330364e-01
2.398845657512159e-05	4.330395e-01
2.408611282512159e-05	4.330382e-01
2.418376907512160e-05	4.330356e-01
2.428142532512160e-05	4.330376e-01
2.437908157512160e-05	4.330403e-01
2.446541347588918e-05	4.330370e-01
2.451185029779763e-05	4.330327e-01
2.456020875219426e-05	4.330310e-01
2.458013653019330e-05	4.330358e-01
2.461651812483911e-05	4.330447e-01
2.465865618025927e-05	4.330451e-01
2.471716866305119e-05	4.330457e-01
2.481482491305119e-05	4.330468e-01
2.491248116305120e-05	4.330282e-01
2.496157289024901e-05	4.335223e-01
2.496309876915527e-05	4.333696e-01
2.496615052696777e-05	4.330326e-01
2.497225404259277e-05	4.330318e-01
2.498358665234846e-05	4.330278e-01
2.498660549702263e-05	4.330309e-01
2.499063062325487e-05	4.331454e-01
2.499868087571932e-05	4.354649e-01
2.500522653614691e-05	4.435873e-01
2.500922045049163e-05	9.080830e-01
2.501134963495009e-05	1.921915e+00
2.501328276563126e-05	3.340486e+00
2.501479695607044e-05	4.398359e+00
2.501650530627841e-05	5.395570e+00
2.501763015351746e-05	5.872147e+00
2.501808033196315e-05	5.976092e+00
2.501849672134566e-05	6.001698e+00
2.501942168809344e-05	6.000002e+00
2.502001988207909e-05	6.000000e+00
2.502064688119598e-05	6.000000e+00
2.502141229637369e-05	6.000000e+00
2.502230833978043e-05	6.000000e+00
2.502336927063968e-05	6.000000e+00
2.502466777771991e-05	6.000000e+00
2.502622494123562e-05	6.000000e+00
2.502813751798880e-05	6.000000e+00
2.503068021650624e-05	6.000000e+00
2.503422065507177e-05	6.000000e+00
2.503958852202366e-05	6.000000e+00
2.504850758193445e-05	6.000000e+00
2.506524087761254e-05	6.000000e+00
2.509870746896871e-05	6.000000e+00
2.515127567222040e-05	6.000000e+00
2.524893192222040e-05	6.000000e+00
2.534658817222041e-05	6.000000e+00
2.544424442222041e-05	6.000000e+00
2.563955692222041e-05	6.000000e+00
2.583486942222042e-05	6.000000e+00
2.603018192222042e-05	6.000000e+00
2.612783817222043e-05	6.000000e+00
2.622549442222043e-05	6.000000e+00
2.632315067222043e-05	6.000000e+00
2.642080692222044e-05	6.000000e+00
2.651846317222044e-05	6.000000e+00
2.661611942222044e-05	6.000000e+00
2.671377567222044e-05	6.000000e+00
2.681143192222045e-05	6.000000e+00
2.690908817222045e-05	6.000000e+00
2.695498741638723e-05	6.000000e+00
2.699184377201830e-05	6.000000e+00
2.700918111772803e-05	6.000000e+00
2.703350802841112e-05	6.000000e+00
2.706077972122949e-05	6.000000e+00
2.709101310508399e-05	6.000000e+00
2.713400947302032e-05	6.000000e+00
2.718124102605381e-05	6.000000e+00
2.725996679629370e-05	6.000000e+00
2.734170057860733e-05	6.000000e+00
2.743935682860734e-05	6.000000e+00
2.753701307860734e-05	6.000000e+00
2.763466932860734e-05	6.000000e+00
2.773232557860735e-05	6.000000e+00
2.782998182860735e-05	6.000000e+00
2.792763807860735e-05	6.000000e+00
2.802529432860735e-05	6.000000e+00
2.812295057860736e-05	6.000000e+00
2.822060682860736e-05	6.000000e+00
2.827301697449511e-05	6.000000e+00
2.827454285340136e-05	6.000000e+00
2.827759461121386e-05	6.000000e+00
2.828369812683886e-05	6.000000e+00
2.829073498876817e-05	6.000000e+00
2.829626576240612e-05	6.000000e+00
2.829981076573715e-05	5.960273e+00
2.830165956173594e-05	5.556783e+00
2.830334764221181e-05	4.528535e+00
2.830461623629315e-05	3.527576e+00
2.830605176508023e-05	2.469722e+00
2.830875570684355e-05	6.088269e-01
2.830880771212134e-05	5.779701e-01
2.830891172267692e-05	5.290037e-01
2.830907756706470e-05	4.773141e-01
2.830927007020919e-05	4.576820e-01
2.830944571492495e-05	4.562241e-01
2.830964406927023e-05	4.552383e-01
2.831004077796079e-05	4.534683e-01
2.831249016382822e-05	4.474922e-01
2.831425827323563e-05	4.448583e-01
2.831738534410854e-05	4.415608e-01
2.832173038224871e-05	4.385047e-01
2.832973762910304e-05	4.353691e-01
2.834197253433292e-05	4.335611e-01
2.836644234479269e-05	4.330277e-01
2.840995218867114e-05	4.330364e-01
2.847770590558780e-05	4.330386e-01
2.857536215558780e-05	4.330381e-01
2.867301840558781e-05	4.330354e-01
2.877067465558781e-05	4.330333e-01
2.886833090558781e-05	4.330347e-01
2.896598715558781e-05	4.330347e-01
2.906364340558782e-05	4.330334e-01
2.916129965558782e-05	4.330348e-01
2.925895590558782e-05	4.330348e-01
2.935661215558783e-05	4.330316e-01
2.940523638908083e-05	4.330305e-01
2.944534753407075e-05	4.330319e-01
2.946842127633910e-05	4.330340e-01
2.949757023338396e-05	4.330367e-01
2.954209332178855e-05	4.330380e-01
2.958374608903787e-05	4.330375e-01
2.965212464094938e-05	4.330381e-01
2.972415811931265e-05	4.330378e-01
2.982181436931265e-05	4.330354e-01
2.986107786317303e-05	4.330334e-01
2.989598072845678e-05	4.327398e-01
2.990470644477771e-05	4.367838e-01
2.992215787741959e-05	4.575785e-01
2.992225801193499e-05	4.711417e-01
2.992245828096580e-05	5.661839e-01
2.992274142622334e-05	7.887019e-01
2.992299579577250e-05	1.016133e+00
2.992326963224006e-05	1.256027e+00
2.992381730517518e-05	1.717169e+00
2.992461034305280e-05	2.363530e+00
2.992542324361778e-05	2.995741e+00
2.992653643192741e-05	3.805142e+00
2.992777046740507e-05	4.585587e+00
2.993023853836040e-05	5.844608e+00
2.993065797180214e-05	5.957047e+00
2.993149683868563e-05	6.001272e+00
2.993183586009748e-05	6.003113e+00
2.993220099033630e-05	6.000235e+00
2.993300600770637e-05	6.000000e+00
2.993496132471380e-05	6.000000e+00
2.993714713521798e-05	6.000000e+00
2.994066018332082e-05	6.000000e+00
2.994676416985548e-05	6.000000e+00
2.995215339776443e-05	6.000000e+00
2.996118103381959e-05	6.000000e+00
2.997794140290928e-05	6.000000e+00
3.001146214108868e-05	6.000000e+00
3.005848303339168e-05	6.000000e+00
3.015252481799767e-05	6.000000e+00
3.025018106799767e-05	6.000000e+00
3.034783731799767e-05	6.000000e+00
3.054314981799768e-05	6.000000e+00
3.073846231799768e-05	6.000000e+00
3.093377481799769e-05	6.000000e+00
3.103143106799769e-05	6.000000e+00
3.112908731799769e-05	6.000000e+00
3.122674356799770e-05	6.000000e+00
3.132439981799770e-05	6.000000e+00
3.142205606799770e-05	6.000000e+00
3.151971231799771e-05	6.000000e+00
3.161736856799771e-05	6.000000e+00
3.171502481799771e-05	6.000000e+00
3.181268106799771e-05	6.000000e+00
3.185872217139989e-05	6.000000e+00
3.189149057315965e-05	6.000000e+00
3.190913740223032e-05	6.000000e+00
3.193264825889941e-05	6.000000e+00
3.196077335178104e-05	6.000000e+00
3.198663745420315e-05	6.000000e+00
3.202379933711877e-05	6.000000e+00
3.206426215303842e-05	6.000000e+00
3.212671679442510e-05	6.000000e+00
3.219288229828153e-05	6.000000e+00
3.229053854828153e-05	6.000000e+00
3.238819479828153e-05	6.000000e+00
3.248585104828153e-05	6.000000e+00
3.258350729828154e-05	6.000000e+00
3.268116354828154e-05	6.000000e+00
3.277881979828154e-05	6.000000e+00
3.287647604828155e-05	6.000000e+00
3.297413229828155e-05	6.000000e+00
3.307178854828155e-05	6.000000e+00
3.316944479828155e-05	4.462224e+00
3.321168786779985e-05	1.464361e+00
3.321217215290628e-05	1.280371e+00
3.321314072311915e-05	6.997211e-01
3.321366896379540e-05	5.062649e-01
3.321421613746160e-05	4.547067e-01
3.321453223273268e-05	4.532734e-01
3.321491886190772e-05	4.520279e-01
3.321569212025781e-05	4.500168e-01
3.321702956920845e-05	4.473866e-01
3.321916350861838e-05	4.443851e-01
3.322343138743824e-05	4.404097e-01
3.322968713474707e-05	4.369623e-01
3.324219862936474e-05	4.340003e-01
3.326115362264017e-05	4.329967e-01
3.329906360919103e-05	4.330158e-01
3.334439017424096e-05	4.330319e-01
3.343504330434083e-05	4.330334e-01
3.353269955434083e-05	4.330327e-01
3.363035580434083e-05	4.330317e-01
3.372801205434084e-05	4.330319e-01
3.382566830434084e-05	4.330323e-01
3.392332455434084e-05	4.330321e-01
3.402098080434084e-05	4.330316e-01
3.411863705434085e-05	4.330319e-01
3.421629330434085e-05	4.330322e-01
3.428679334480004e-05	4.330319e-01
3.433008785418537e-05	4.330312e-01
3.437522748264273e-05	4.330314e-01
3.439461315541662e-05	4.330321e-01
3.443094749880999e-05	4.330330e-01
3.447085032519388e-05	4.330331e-01
3.452754108081703e-05	4.330330e-01
3.461301566235545e-05	4.330333e-01
3.471027563701950e-05	4.330328e-01
3.480793188701950e-05	1.667571e+00
3.484369160585465e-05	3.872371e+00
3.484392725438239e-05	3.962981e+00
3.484439855143785e-05	4.275761e+00
3.484534114554878e-05	4.868621e+00
3.484665812406966e-05	5.616990e+00
3.484725962499984e-05	5.863958e+00
3.484796948644884e-05	5.994067e+00
3.484832581116186e-05	6.004854e+00
3.484877387802017e-05	6.000282e+00
3.484967001173680e-05	5.999990e+00
3.485146227917005e-05	6.000002e+00
3.485504681403655e-05	6.000000e+00
3.486221588376955e-05	6.000000e+00
3.487655402323556e-05	6.000000e+00
3.490205766981859e-05	6.000000e+00
3.494148334926663e-05	6.000000e+00
3.499552723859707e-05	6.000000e+00
3.519083973859708e-05	6.000000e+00
3.538615223859708e-05	6.000000e+00
3.558146473859709e-05	6.000000e+00
3.577677723859710e-05	6.000000e+00
3.597208973859710e-05	6.000000e+00
3.606974598859710e-05	6.000000e+00
3.616740223859711e-05	6.000000e+00
3.626505848859711e-05	6.000000e+00
3.636271473859711e-05	6.000000e+00
3.646037098859712e-05	6.000000e+00
3.655802723859712e-05	6.000000e+00
3.665568348859712e-05	6.000000e+00
3.672454281144856e-05	6.000000e+00
3.676523844898979e-05	6.000000e+00
3.680472579086073e-05	6.000000e+00
3.682154751939636e-05	6.000000e+00
3.684732684689238e-05	6.000000e+00
3.687219963967272e-05	6.000000e+00
3.690145354331515e-05	6.000000e+00
3.694071024964338e-05	6.000000e+00
3.698446231753365e-05	6.000000e+00
3.705377176241271e-05	6.000000e+00
3.712671988824556e-05	6.000000e+00
3.722437613824557e-05	6.000000e+00
3.732203238824557e-05	6.000000e+00
3.741968863824557e-05	6.000000e+00
3.751734488824557e-05	6.000000e+00
3.761500113824558e-05	6.000000e+00
3.771265738824558e-05	6.000000e+00
3.781031363824558e-05	6.000000e+00
3.790796988824558e-05	6.000000e+00
3.800562613824559e-05	6.000000e+00
3.810328238824559e-05	4.461268e+00
3.814552931561476e-05	1.461008e+00
3.814601525339838e-05	1.276386e+00
3.814698712896562e-05	6.956857e-01
3.814751589943408e-05	5.041461e-01
3.814805245291736e-05	4.547003e-01
3.814836408141514e-05	4.532872e-01
3.814875409307600e-05	4.520242e-01
3.814953411639774e-05	4.500264e-01
3.815109416304121e-05	4.470578e-01
3.815365869231172e-05	4.436850e-01
3.815878775085274e-05	4.394594e-01
3.816711739619468e-05	4.359095e-01
3.818377668687855e-05	4.335846e-01
3.820868762058627e-05	4.330130e-01
3.825328137663004e-05	4.330224e-01
3.833319578503614e-05	4.330308e-01
3.843085203503614e-05	4.330314e-01
3.852850828503615e-05	4.330313e-01
3.862616453503615e-05	4.330314e-01
3.872382078503615e-05	4.330316e-01
3.882147703503615e-05	4.330314e-01
3.891913328503616e-05	4.330313e-01
3.901678953503616e-05	4.330314e-01
3.911444578503616e-05	4.330316e-01
3.920048502078069e-05	4.330313e-01
3.924686327107000e-05	4.330311e-01
3.929516418516435e-05	4.330309e-01
3.931506941386705e-05	4.330312e-01
3.935144945032270e-05	4.330319e-01
3.939353351257092e-05	4.330319e-01
3.945197901103327e-05	4.330320e-01
3.954963526103327e-05	4.330320e-01
3.964729151103328e-05	4.330208e-01
3.969300100357530e-05	4.331530e-01
3.969728626850111e-05	4.330311e-01
3.972299785805599e-05	4.330215e-01
3.973442523119150e-05	4.356960e-01
3.974253801036944e-05	5.736400e-01
3.974653430133654e-05	1.362667e+00
3.974877128425040e-05	2.656492e+00
3.975047445125730e-05	3.919954e+00
3.975227500293456e-05	5.097788e+00
3.975318765510915e-05	5.577851e+00
3.975409669075840e-05	5.894011e+00
3.975449127655733e-05	5.967605e+00
3.975507820853760e-05	5.999851e+00
3.975585968809733e-05	6.000016e+00
3.975665498347078e-05	5.999992e+00
3.975785432326014e-05	6.000001e+00
3.975920886122574e-05	6.000000e+00
3.976100956361015e-05	6.000000e+00
3.976330028099529e-05	6.000000e+00
3.977094504790770e-05	6.000000e+00
3.977825188886851e-05	6.000000e+00
3.979112989675673e-05	6.000000e+00
3.981688591253318e-05	6.000000e+00
3.985460675280917e-05	6.000000e+00
3.993004843336115e-05	6.000000e+00
4.002770468336115e-05	6.000000e+00
4.012536093336115e-05	6.000000e+00
4.022301718336116e-05	6.000000e+00
4.041832968336116e-05	6.000000e+00
4.061364218336117e-05	6.000000e+00
4.080895468336117e-05	6.000000e+00
4.090661093336118e-05	6.000000e+00
4.100426718336118e-05	6.000000e+00
4.110192343336117e-05	6.000000e+00
4.119957968336118e-05	6.000000e+00
4.129723593336118e-05	6.000000e+00
4.139489218336118e-05	6.000000e+00
4.149254843336119e-05	6.000000e+00
4.159020468336119e-05	6.000000e+00
4.164739838813681e-05	6.000000e+00
4.168396854904582e-05	6.000000e+00
4.172118463546027e-05	6.000000e+00
4.173534237180260e-05	6.000000e+00
4.175796034394911e-05	6.000000e+00
4.178307059079223e-05	6.000000e+00
4.181270847470087e-05	6.000000e+00
4.185428196943578e-05	6.000000e+00
4.189920882039977e-05	6.000000e+00
4.197697609420758e-05	6.000000e+00
4.205756248863565e-05	6.000000e+00
4.215521873863565e-05	6.000000e+00
4.225287498863565e-05	6.000000e+00
4.235053123863565e-05	6.000000e+00
4.244818748863566e-05	6.000000e+00
4.254584373863566e-05	6.000000e+00
4.264349998863566e-05	6.000000e+00
4.274115623863567e-05	6.000000e+00
4.283881248863567e-05	6.000000e+00
4.293646873863567e-05	6.000000e+00
4.294301992344676e-05	6.000000e+00
4.295612229306894e-05	6.000000e+00
4.298232703231329e-05	6.000000e+00
4.301552895142881e-05	6.000000e+00
4.303075743415610e-05	6.000000e+00
4.303195567489057e-05	6.000000e+00
4.303435215635953e-05	6.000000e+00
4.303603612065074e-05	6.000000e+00
4.303717874736733e-05	5.996101e+00
4.303778976508090e-05	5.891298e+00
4.303837284200317e-05	5.568879e+00
4.303896375410059e-05	5.095054e+00
4.303958548000541e-05	4.585084e+00
4.304082333647337e-05	3.610202e+00
4.304267752962678e-05	2.249966e+00
4.304517177313289e-05	5.493156e-01
4.304519452036101e-05	5.364230e-01
4.304524001481726e-05	5.153181e-01
4.304533100372976e-05	4.826898e-01
4.304546522127374e-05	4.615503e-01
4.304560032002949e-05	4.573007e-01
4.304577869267624e-05	4.561428e-01
4.304665898319520e-05	4.529747e-01
4.304753927371416e-05	4.502511e-01
4.304841956423313e-05	4.479720e-01
4.304929985475209e-05	4.461372e-01
4.305018014527105e-05	4.447468e-01
4.305106043579001e-05	4.438008e-01
4.305194072630898e-05	4.432993e-01
4.305586933124711e-05	4.399536e-01
4.306334319510083e-05	4.361481e-01
4.307334870132329e-05	4.338640e-01
4.309335971376823e-05	4.330139e-01
4.313338173865808e-05	4.330275e-01
4.317700794460856e-05	4.330353e-01
4.326426035650954e-05	4.330363e-01
4.336191660650955e-05	4.330347e-01
4.345957285650955e-05	4.330324e-01
4.355722910650955e-05	4.330325e-01
4.365488535650955e-05	4.330335e-01
4.375254160650956e-05	4.330332e-01
4.385019785650956e-05	4.330323e-01
4.394785410650956e-05	4.330327e-01
4.404551035650957e-05	4.330335e-01
4.411427063196598e-05	4.330325e-01
4.415722644916158e-05	4.330315e-01
4.420199232182132e-05	4.330311e-01
4.422145996150851e-05	4.330325e-01
4.425785578004109e-05	4.330349e-01
4.429720700883915e-05	4.330349e-01
4.435469911365046e-05	4.330353e-01
4.443865228270456e-05	4.330355e-01
4.453630853270456e-05	4.330347e-01
4.463396478270456e-05	1.866715e+00
4.467620806798458e-05	4.663119e+00
4.467669342476606e-05	4.833044e+00
4.467766413832900e-05	5.399836e+00
4.467819269561262e-05	5.677712e+00
4.467873267264820e-05	5.901677e+00
4.467904577733654e-05	5.973298e+00
4.467943460865482e-05	5.996283e+00
4.468021227129139e-05	5.999975e+00
4.468129136302809e-05	6.000008e+00
4.468344954650151e-05	5.999998e+00
4.468776591344833e-05	6.000000e+00
4.469414737696252e-05	6.000000e+00
4.470691030399089e-05	6.000000e+00
4.472591313048059e-05	6.000000e+00
4.476391878345999e-05	6.000000e+00
4.480984650771928e-05	6.000000e+00
4.490170195623786e-05	6.000000e+00
4.509701445623786e-05	6.000000e+00
4.529232695623787e-05	6.000000e+00
4.548763945623787e-05	6.000000e+00
4.568295195623788e-05	6.000000e+00
4.578060820623788e-05	6.000000e+00
4.587826445623788e-05	6.000000e+00
4.597592070623789e-05	6.000000e+00
4.607357695623789e-05	6.000000e+00
4.617123320623789e-05	6.000000e+00
4.626888945623790e-05	6.000000e+00
4.636654570623790e-05	6.000000e+00
4.646420195623790e-05	6.000000e+00
4.656185820623790e-05	6.000000e+00
4.660721341676848e-05	6.000000e+00
4.665134979253207e-05	6.000000e+00
4.666835558083422e-05	6.000000e+00
4.669357593213957e-05	6.000000e+00
4.672055317629206e-05	6.000000e+00
4.675680356262445e-05	6.000000e+00
4.680807616580767e-05	6.000000e+00
4.686483733209096e-05	6.000000e+00
4.696249358209096e-05	6.000000e+00
4.706014983209096e-05	6.000000e+00
4.715780608209096e-05	6.000000e+00
4.725546233209097e-05	6.000000e+00
4.735311858209097e-05	6.000000e+00
4.745077483209097e-05	6.000000e+00
4.754843108209098e-05	6.000000e+00
4.764608733209098e-05	6.000000e+00
4.774374358209098e-05	6.000000e+00
4.784139983209098e-05	6.000000e+00
4.793905608209099e-05	4.003686e+00
4.797699837490829e-05	4.791703e-01
4.797734469222061e-05	4.530531e-01
4.797803732684526e-05	4.502095e-01
4.797942259609457e-05	4.473981e-01
4.798095934308490e-05	4.450700e-01
4.798403283706554e-05	4.418742e-01
4.799017982502682e-05	4.379407e-01
4.800247380094941e-05	4.344605e-01
4.802706175279458e-05	4.330428e-01
4.806482358280703e-05	4.330216e-01
4.811108813190493e-05	4.330266e-01
4.820361723010073e-05	4.330295e-01
4.830127348010073e-05	4.330307e-01
4.839892973010073e-05	4.330306e-01
4.849658598010074e-05	4.330297e-01
4.859424223010074e-05	4.330298e-01
4.869189848010074e-05	4.330306e-01
4.878955473010075e-05	4.330307e-01
4.888721098010075e-05	4.330305e-01
4.898486723010075e-05	4.330307e-01
4.903829806407537e-05	4.330311e-01
4.907586919855582e-05	4.330312e-01
4.910975218411395e-05	4.330311e-01
4.913983894478284e-05	4.330301e-01
4.917338102477090e-05	4.330283e-01
4.921713800666560e-05	4.330283e-01
4.928115958852793e-05	4.330302e-01
4.935450068369894e-05	4.330307e-01
4.945215693369895e-05	4.330306e-01
4.954981318369895e-05	1.825280e+00
4.959265445385645e-05	4.581443e+00
4.959320737260124e-05	4.775008e+00
4.959431321009082e-05	5.426741e+00
4.959468549395774e-05	5.628936e+00
4.959510480862195e-05	5.818448e+00
4.959552076558711e-05	5.939605e+00
4.959600282246094e-05	5.992173e+00
4.959657500084035e-05	6.000591e+00
4.959721738554153e-05	5.999900e+00
4.959800960853503e-05	6.000018e+00
4.959894257947421e-05	5.999995e+00
4.960008627552752e-05	6.000002e+00
4.960148720203784e-05	6.000000e+00
4.960321131000146e-05	6.000000e+00
4.960535749694571e-05	6.000000e+00
4.960830473089880e-05	6.000000e+00
4.961254123601437e-05	6.000000e+00
4.961923198094422e-05	6.000000e+00
4.963087803066484e-05	6.000000e+00
4.965406190522022e-05	6.000000e+00
4.969175526819673e-05	6.000000e+00
4.976714199414978e-05	6.000000e+00
4.986479824414978e-05	6.000000e+00
4.996245449414979e-05	6.000000e+00
5.006011074414979e-05	6.000000e+00
5.025542324414980e-05	6.000000e+00
5.045073574414980e-05	6.000000e+00
5.064604824414981e-05	6.000000e+00
5.074370449414981e-05	6.000000e+00
5.084136074414981e-05	6.000000e+00
5.093901699414982e-05	6.000000e+00
5.103667324414982e-05	6.000000e+00
5.113432949414982e-05	6.000000e+00
5.123198574414982e-05	6.000000e+00
5.132964199414983e-05	6.000000e+00
5.142729824414983e-05	6.000000e+00
5.147975193555203e-05	6.000000e+00
5.151202865147841e-05	6.000000e+00
5.154804604497239e-05	6.000000e+00
5.156941222324705e-05	6.000000e+00
5.159272171702634e-05	6.000000e+00
5.161762648770895e-05	6.000000e+00
5.165621653118486e-05	6.000000e+00
5.170046305198858e-05	6.000000e+00
5.176538320128834e-05	6.000000e+00
5.184693758606486e-05	6.000000e+00
5.194459383606486e-05	6.000000e+00
5.204225008606487e-05	6.000000e+00
5.213990633606487e-05	6.000000e+00
5.223756258606487e-05	6.000000e+00
5.233521883606488e-05	6.000000e+00
5.243287508606488e-05	6.000000e+00
5.253053133606488e-05	6.000000e+00
5.262818758606488e-05	6.000000e+00
5.272584383606489e-05	6.000000e+00
5.282350008606489e-05	4.461862e+00
5.286574267754287e-05	1.463159e+00
5.286622753282360e-05	1.278940e+00
5.286719724338506e-05	6.982664e-01
5.286772564479747e-05	5.054956e-01
5.286826889545921e-05	4.547049e-01
5.286858337433260e-05	4.532788e-01
5.286897117066301e-05	4.520270e-01
5.286974676332382e-05	4.500223e-01
5.287118224413664e-05	4.472348e-01
5.287343848869364e-05	4.441343e-01
5.287795097780765e-05	4.401027e-01
5.288488650180258e-05	4.366046e-01
5.289875754979243e-05	4.338571e-01
5.291980430557361e-05	4.330032e-01
5.296189781713597e-05	4.330186e-01
5.301602824288845e-05	4.330314e-01
5.311368449288845e-05	4.330326e-01
5.321134074288846e-05	4.330322e-01
5.330899699288846e-05	4.330315e-01
5.340665324288846e-05	4.330319e-01
5.350430949288847e-05	4.330322e-01
5.360196574288847e-05	4.330322e-01
5.369962199288847e-05	4.330322e-01
5.379727824288847e-05	4.330322e-01
5.389493449288848e-05	4.330320e-01
5.394917139225580e-05	4.330316e-01
5.398635532504044e-05	4.330311e-01
5.402269151719196e-05	4.330312e-01
5.405197588347233e-05	4.330318e-01
5.408564201410282e-05	4.330323e-01
5.412847440222197e-05	4.330327e-01
5.419150477671894e-05	4.330327e-01
5.426600396723253e-05	4.330327e-01
5.436366021723254e-05	4.330325e-01
5.446131646723254e-05	1.880817e+00
5.449824568142622e-05	4.488288e+00
5.449850323157987e-05	4.582768e+00
5.449901833188718e-05	4.897007e+00
5.450004853250179e-05	5.433640e+00
5.450141646173443e-05	5.919550e+00
5.450191646928722e-05	5.994297e+00
5.450236888087391e-05	6.000790e+00
5.450285243700583e-05	5.999949e+00
5.450347171855323e-05	6.000003e+00
5.450410942240387e-05	5.999999e+00
5.450491364583860e-05	6.000000e+00
5.450584255252007e-05	6.000000e+00
5.450695308498826e-05	6.000000e+00
5.450831630061156e-05	6.000000e+00
5.450994767809224e-05	6.000000e+00
5.451198089362219e-05	6.000000e+00
5.451472040577799e-05	6.000000e+00
5.451860148608773e-05	6.000000e+00
5.452458327717785e-05	6.000000e+00
5.453485586171928e-05	6.000000e+00
5.455452211361789e-05	6.000000e+00
5.459385461741511e-05	6.000000e+00
5.466521009936733e-05	6.000000e+00
5.476286634936733e-05	6.000000e+00
5.486052259936733e-05	6.000000e+00
5.495817884936733e-05	6.000000e+00
5.515349134936734e-05	6.000000e+00
5.534880384936735e-05	6.000000e+00
5.554411634936735e-05	6.000000e+00
5.564177259936735e-05	6.000000e+00
5.573942884936736e-05	6.000000e+00
5.583708509936736e-05	6.000000e+00
5.593474134936736e-05	6.000000e+00
5.603239759936737e-05	6.000000e+00
5.613005384936737e-05	6.000000e+00
5.622771009936737e-05	6.000000e+00
5.632536634936737e-05	6.000000e+00
5.638246524935256e-05	6.000000e+00
5.641896618092575e-05	6.000000e+00
5.645616458829348e-05	6.000000e+00
5.647033930661634e-05	6.000000e+00
5.649293440011185e-05	6.000000e+00
5.651804012212787e-05	6.000000e+00
5.654775067768829e-05	6.000000e+00
5.658951699668418e-05	6.000000e+00
5.663452976205790e-05	6.000000e+00
5.671268053584858e-05	6.000000e+00
5.679359346502385e-05	6.000000e+00
5.689124971502385e-05	6.000000e+00
5.698890596502386e-05	6.000000e+00
5.708656221502386e-05	6.000000e+00
5.718421846502386e-05	6.000000e+00
5.728187471502387e-05	6.000000e+00
5.737953096502387e-05	6.000000e+00
5.747718721502387e-05	6.000000e+00
5.757484346502387e-05	6.000000e+00
5.767249971502388e-05	6.000000e+00
5.767905098286691e-05	6.000000e+00
5.769215351855298e-05	6.000000e+00
5.771835858992509e-05	6.000000e+00
5.774903854250140e-05	6.000000e+00
5.776337687672358e-05	6.000000e+00
5.777570992458470e-05	6.000000e+00
5.777578596218292e-05	6.000000e+00
5.777593803737935e-05	6.000000e+00
5.777612190998575e-05	5.991302e+00
5.777630194934619e-05	5.946472e+00
5.777647395186126e-05	5.848205e+00
5.777670783979837e-05	5.665923e+00
5.777698683773928e-05	5.436156e+00
5.777754483362110e-05	4.975121e+00
5.777837398557313e-05	4.301137e+00
5.777963420954654e-05	3.329062e+00
5.778215465749335e-05	1.500465e+00
5.778261996537355e-05	1.184745e+00
5.778355058113395e-05	6.392307e-01
5.778400276706190e-05	4.893469e-01
5.778448310363061e-05	4.548496e-01
5.778594982230943e-05	4.501166e-01
5.778711061393509e-05	4.477624e-01
5.778943022824741e-05	4.444183e-01
5.779298168274425e-05	4.409858e-01
5.780008459173795e-05	4.368670e-01
5.781009324507936e-05	4.341888e-01
5.783011055176217e-05	4.330791e-01
5.786969474385192e-05	4.330239e-01
5.791121312472245e-05	4.330294e-01
5.799424988646352e-05	4.330327e-01
5.809190613646352e-05	4.330329e-01
5.818956238646352e-05	4.330312e-01
5.828721863646353e-05	4.330300e-01
5.838487488646353e-05	4.330308e-01
5.848253113646353e-05	4.330318e-01
5.858018738646354e-05	4.330315e-01
5.867784363646354e-05	4.330312e-01
5.877549988646354e-05	4.330318e-01
5.884958092453096e-05	4.330318e-01
5.889357862837256e-05	4.330311e-01
5.893946110620510e-05	4.330303e-01
5.895875731694311e-05	4.330308e-01
5.899519169455299e-05	4.330314e-01
5.903542180124489e-05	4.330314e-01
5.909204473310490e-05	4.330328e-01
5.918094290815262e-05	4.330334e-01
5.927738185296945e-05	4.330328e-01
5.937503810296945e-05	1.812093e+00
5.941715261695807e-05	4.503960e+00
5.941762604949216e-05	4.672616e+00
5.941857291456034e-05	5.242478e+00
5.941909785159607e-05	5.538425e+00
5.941951378899915e-05	5.750301e+00
5.941980658470335e-05	5.871836e+00
5.942014275567424e-05	5.950418e+00
5.942081509761601e-05	5.996429e+00
5.942149554478755e-05	6.001362e+00
5.942268391771326e-05	5.999826e+00
5.942430755006577e-05	6.000064e+00
5.942658269680935e-05	5.999968e+00
5.943020265213789e-05	6.000011e+00
5.943502778353187e-05	5.999990e+00
5.944349744946620e-05	6.000005e+00
5.945831874175451e-05	5.999997e+00
5.948796132633110e-05	6.000000e+00
5.952721359171479e-05	5.999999e+00
5.960571812248217e-05	6.000000e+00
5.970337437248217e-05	6.000000e+00
5.980103062248218e-05	6.000000e+00
5.989868687248218e-05	6.000000e+00
6.009399937248218e-05	6.000000e+00
6.028931187248219e-05	6.000000e+00
6.048462437248220e-05	6.000000e+00
6.058228062248220e-05	6.000000e+00
6.067993687248220e-05	6.000000e+00
6.077759312248220e-05	6.000000e+00
6.087524937248221e-05	6.000000e+00
6.097290562248221e-05	6.000000e+00
6.107056187248221e-05	6.000000e+00
6.116821812248222e-05	6.000000e+00
6.126587437248222e-05	6.000001e+00
6.131463442848863e-05	5.999999e+00
6.134447724692280e-05	6.000000e+00
6.136688193692329e-05	6.000000e+00
6.139390948903850e-05	6.000000e+00
6.141761089063735e-05	6.000000e+00
6.144255924073724e-05	5.999999e+00
6.147862196676354e-05	6.000000e+00
6.151679092705623e-05	6.000000e+00
6.157863960988826e-05	6.000000e+00
6.164437816215617e-05	6.000000e+00
6.174203441215617e-05	6.000000e+00
6.183969066215617e-05	6.000000e+00
6.193734691215617e-05	6.000000e+00
6.203500316215618e-05	6.000000e+00
6.213265941215618e-05	6.000000e+00
6.223031566215618e-05	6.000000e+00
6.232797191215619e-05	6.000000e+00
6.242562816215619e-05	6.000000e+00
6.252328441215619e-05	6.000000e+00
6.262094066215619e-05	6.000000e+00
6.267320668211646e-05	5.907388e+00
6.269482489844188e-05	5.695871e+00
6.269496314910793e-05	5.643876e+00
6.269523965044004e-05	5.428196e+00
6.269579265310427e-05	4.971547e+00
6.269646294572099e-05	4.425477e+00
6.269780353095446e-05	3.389908e+00
6.270048470142138e-05	1.444465e+00
6.270100794105879e-05	1.098296e+00
6.270205442033361e-05	5.413845e-01
6.270242316077756e-05	4.568776e-01
6.270322396806940e-05	4.528399e-01
6.270494709794178e-05	4.483507e-01
6.270669223110017e-05	4.454331e-01
6.270930581487254e-05	4.423235e-01
6.271333900116679e-05	4.390688e-01
6.272097590702342e-05	4.354701e-01
6.272823694919678e-05	4.338716e-01
6.274109750230772e-05	4.331231e-01
6.276681860852958e-05	4.331075e-01
6.280403864453610e-05	4.331357e-01
6.287847871654915e-05	4.331347e-01
6.297613496654916e-05	4.331000e-01
6.307379121654916e-05	4.330470e-01
6.317144746654916e-05	4.330420e-01
6.326910371654916e-05	4.330718e-01
6.336675996654917e-05	4.330718e-01
6.346441621654917e-05	4.330572e-01
6.356207246654917e-05	4.330727e-01
6.365972871654917e-05	4.330727e-01
6.375738496654918e-05	4.330379e-01
6.380592278785922e-05	4.330274e-01
6.385607009638851e-05	4.330394e-01
6.387912659017696e-05	4.330614e-01
6.391132697805012e-05	4.330963e-01
6.395650177313478e-05	4.331090e-01
6.400822476006915e-05	4.331104e-01
6.410588101006915e-05	4.331186e-01
6.419559203467520e-05	4.331008e-01
6.429324828467520e-05	1.822519e+00
6.433464727294727e-05	4.498632e+00
6.433506473402958e-05	4.647458e+00
6.433589965619419e-05	5.152576e+00
6.433642574279942e-05	5.456151e+00
6.433675805675054e-05	5.631536e+00
6.433722433329305e-05	5.849431e+00
6.433746424346121e-05	5.929507e+00
6.433781415695949e-05	5.979634e+00
6.433851398395606e-05	5.999321e+00
6.433951021975944e-05	6.000139e+00
6.434101328316833e-05	5.999949e+00
6.434401940998612e-05	6.000011e+00
6.434840507902002e-05	5.999991e+00
6.435717641708784e-05	6.000002e+00
6.436934780601972e-05	5.999998e+00
6.439369058388349e-05	6.000001e+00
6.443754010000239e-05	6.000000e+00
6.450408919840240e-05	6.000000e+00
6.469940169840240e-05	6.000000e+00
6.479705794840241e-05	6.000000e+00
6.499237044840241e-05	6.000000e+00
6.518768294840242e-05	6.000000e+00
6.538299544840242e-05	6.000000e+00
6.548065169840243e-05	6.000000e+00
6.557830794840243e-05	6.000000e+00
6.567596419840243e-05	6.000000e+00
6.577362044840244e-05	6.000000e+00
6.587127669840244e-05	6.000000e+00
6.596893294840244e-05	6.000000e+00
6.606658919840244e-05	6.000000e+00
6.616424544840245e-05	6.000000e+00
6.621868241022721e-05	6.000000e+00
6.625300762143395e-05	6.000000e+00
6.628962026630567e-05	5.999999e+00
6.630710819878186e-05	6.000000e+00
6.632955755951803e-05	6.000000e+00
6.635458982579683e-05	6.000000e+00
6.638806361059904e-05	6.000000e+00
6.643597201635645e-05	6.000000e+00
6.648651168242923e-05	6.000000e+00
6.658091216885922e-05	6.000000e+00
6.667856841885922e-05	6.000000e+00
6.677622466885923e-05	6.000000e+00
6.687388091885923e-05	6.000000e+00
6.697153716885923e-05	6.000000e+00
6.706919341885923e-05	6.000000e+00
6.716684966885924e-05	6.000000e+00
6.726450591885924e-05	6.000000e+00
6.736216216885924e-05	6.000000e+00
6.745981841885925e-05	6.000000e+00
6.755747466885925e-05	6.000000e+00
6.759965449687892e-05	5.999941e+00
6.759988074438900e-05	5.981133e+00
6.760033323940916e-05	5.845734e+00
6.760123822944946e-05	5.376832e+00
6.760245876544903e-05	4.572328e+00
6.760387979584648e-05	3.533386e+00
6.760581933609512e-05	2.128240e+00
6.760804467976304e-05	7.319813e-01
6.760877106762381e-05	4.954387e-01
6.760962043007403e-05	4.525651e-01
6.761002285686825e-05	4.512358e-01
6.761172687455122e-05	4.475299e-01
6.761489618780664e-05	4.431764e-01
6.762130003421142e-05	4.382060e-01
6.762692984615063e-05	4.357595e-01
6.763675471811598e-05	4.337771e-01
6.765478468791127e-05	4.330096e-01
6.769084462750186e-05	4.330385e-01
6.773434558105685e-05	4.330537e-01
6.782134748816682e-05	4.330553e-01
6.791900373816682e-05	4.330468e-01
6.801665998816683e-05	4.330379e-01
6.811431623816683e-05	4.330410e-01
6.821197248816683e-05	4.330448e-01
6.830962873816684e-05	4.330413e-01
6.840728498816684e-05	4.330375e-01
6.850494123816684e-05	4.330410e-01
6.860259748816684e-05	4.330441e-01
6.868274501725997e-05	4.330392e-01
6.872794638507069e-05	4.330333e-01
6.877507918537664e-05	4.330334e-01
6.879432892956133e-05	4.330397e-01
6.883092560891043e-05	4.330513e-01
6.887184934824690e-05	4.330520e-01
6.892932881208520e-05	4.330508e-01
6.902326727488355e-05	4.330522e-01
6.912092352488355e-05	4.377255e-01
6.921857977488355e-05	4.513104e-01
6.921905566942183e-05	4.518444e-01
6.922000745849840e-05	4.537848e-01
6.922087598008558e-05	4.633306e-01
6.922154452222457e-05	5.395533e-01
6.922200163194655e-05	7.057286e-01
6.922246502558591e-05	9.677179e-01
6.922307321835918e-05	1.356199e+00
6.922394297736503e-05	1.960017e+00
6.922493876607653e-05	2.695414e+00
6.922614436861216e-05	3.565900e+00
6.922845584194931e-05	5.022020e+00
6.923030664355404e-05	5.865995e+00
6.923104856318264e-05	5.997373e+00
6.923181829101243e-05	6.000192e+00
6.923226547061107e-05	5.999506e+00
6.923283707275923e-05	6.000026e+00
6.923378359171084e-05	5.999999e+00
6.923463988902490e-05	6.000001e+00
6.923605811191412e-05	6.000000e+00
6.923766054072425e-05	6.000000e+00
6.923981667055744e-05	6.000000e+00
6.924267135061860e-05	6.000000e+00
6.924674795316031e-05	6.000000e+00
6.925315634085394e-05	6.000000e+00
6.926432580367249e-05	6.000000e+00
6.928598899622339e-05	6.000000e+00
6.932749294584503e-05	6.000000e+00
6.939982827887590e-05	6.000000e+00
6.949748452887590e-05	6.000000e+00
6.959514077887590e-05	6.000000e+00
6.969279702887591e-05	6.000000e+00
6.988810952887591e-05	6.000000e+00
7.008342202887592e-05	6.000000e+00
7.027873452887592e-05	6.000000e+00
7.037639077887592e-05	6.000000e+00
7.047404702887593e-05	6.000000e+00
7.057170327887593e-05	6.000000e+00
7.066935952887593e-05	6.000000e+00
7.076701577887594e-05	6.000000e+00
7.086467202887594e-05	6.000000e+00
7.096232827887594e-05	6.000000e+00
7.105998452887594e-05	6.000000e+00
7.112253183134028e-05	6.000000e+00
7.116205057875068e-05	6.000000e+00
7.120024147599391e-05	6.000000e+00
7.121623984340022e-05	6.000000e+00
7.124306009402314e-05	6.000000e+00
7.126723612302907e-05	6.000000e+00
7.129671824340653e-05	6.000000e+00
7.133521375650107e-05	6.000000e+00
7.137844525859352e-05	6.000000e+00
7.144703127808351e-05	6.000000e+00
7.151935627426118e-05	6.000000e+00
7.161701252426118e-05	6.000000e+00
7.171466877426119e-05	6.000000e+00
7.181232502426119e-05	6.000000e+00
7.190998127426119e-05	6.000000e+00
7.200763752426120e-05	6.000000e+00
7.210529377426120e-05	6.000000e+00
7.220295002426120e-05	6.000000e+00
7.230060627426120e-05	6.000000e+00
7.239826252426121e-05	6.000000e+00
7.249591877426121e-05	4.461566e+00
7.253816199280089e-05	1.462139e+00
7.253864734503108e-05	1.277726e+00
7.253961804949146e-05	6.970422e-01
7.254014660505119e-05	5.048589e-01
7.254068657257717e-05	4.547080e-01
7.254099968176487e-05	4.532835e-01
7.254138855204158e-05	4.520258e-01
7.254216629259503e-05	4.500283e-01
7.254370775021327e-05	4.470744e-01
7.254608905294710e-05	4.438784e-01
7.255085165841476e-05	4.397990e-01
7.255849657972168e-05	4.362598e-01
7.257378642233555e-05	4.337185e-01
7.259686995905287e-05	4.330086e-01
7.264303703248753e-05	4.330209e-01
7.270788370898460e-05	4.330311e-01
7.280553995898461e-05	4.330317e-01
7.290319620898461e-05	4.330312e-01
7.300085245898461e-05	4.330311e-01
7.309850870898462e-05	4.330317e-01
7.319616495898462e-05	4.330317e-01
7.329382120898462e-05	4.330314e-01
7.339147745898462e-05	4.330317e-01
7.348913370898463e-05	4.330317e-01
7.358678995898463e-05	4.330310e-01
7.363529275346243e-05	4.330308e-01
7.368535960632757e-05	4.330309e-01
7.370866048673299e-05	4.330314e-01
7.374017523456447e-05	4.330322e-01
7.378528330201912e-05	4.330323e-01
7.383536430138187e-05	4.330324e-01
7.392125230055164e-05	4.330325e-01
7.400992767575344e-05	4.330322e-01
7.410758392575344e-05	2.067859e+00
7.414887222667233e-05	5.174825e+00
7.414928196710370e-05	5.309339e+00
7.415010144796646e-05	5.723454e+00
7.415063331704765e-05	5.924292e+00
7.415097437432795e-05	5.983915e+00
7.415140635843251e-05	5.999327e+00
7.415166945571875e-05	6.000059e+00
7.415259632623250e-05	6.000000e+00
7.415323666517215e-05	6.000000e+00
7.415436913601457e-05	6.000000e+00
7.415594582647801e-05	6.000000e+00
7.415819048403369e-05	6.000000e+00
7.416183915344534e-05	6.000000e+00
7.416675528658041e-05	6.000000e+00
7.417532832810419e-05	6.000000e+00
7.419035488133083e-05	6.000000e+00
7.422040798778410e-05	6.000000e+00
7.425976231605338e-05	6.000000e+00
7.433847097259193e-05	6.000000e+00
7.443612722259193e-05	6.000000e+00
7.453378347259194e-05	6.000000e+00
7.463143972259194e-05	6.000000e+00
7.482675222259195e-05	6.000000e+00
7.502206472259195e-05	6.000000e+00
7.521737722259196e-05	6.000000e+00
7.531503347259196e-05	6.000000e+00
7.541268972259196e-05	6.000000e+00
7.551034597259197e-05	6.000000e+00
7.560800222259197e-05	6.000000e+00
7.570565847259197e-05	6.000000e+00
7.580331472259197e-05	6.000000e+00
7.590097097259198e-05	6.000000e+00
7.599862722259198e-05	6.000000e+00
7.605225853963882e-05	6.000000e+00
7.608581365326242e-05	6.000000e+00
7.612220476039295e-05	6.000000e+00
7.614122601794227e-05	6.000000e+00
7.616401628539430e-05	6.000000e+00
7.618895800087822e-05	6.000000e+00
7.622427352642144e-05	6.000000e+00
7.627079926768395e-05	6.000000e+00
7.632597902674315e-05	6.000000e+00
7.641525127337567e-05	6.000000e+00
7.651290752337568e-05	6.000000e+00
7.661056377337568e-05	6.000000e+00
7.670822002337568e-05	6.000000e+00
7.680587627337569e-05	6.000000e+00
7.690353252337569e-05	6.000000e+00
7.700118877337569e-05	6.000000e+00
7.709884502337569e-05	6.000000e+00
7.719650127337570e-05	6.000000e+00
7.729415752337570e-05	6.000000e+00
7.739181377337570e-05	4.900203e+00
7.743405685389673e-05	2.777911e+00
7.743432367425537e-05	2.682078e+00
7.743485731497264e-05	2.332299e+00
7.743592459640719e-05	1.620294e+00
7.743744948134061e-05	7.023064e-01
7.743806655630360e-05	4.968074e-01
7.743873093100577e-05	4.536372e-01
7.743905458938674e-05	4.523914e-01
7.744056561650225e-05	4.486220e-01
7.744156552540418e-05	4.468014e-01
7.744356534320806e-05	4.440704e-01
7.744615791113431e-05	4.414207e-01
7.745029800722926e-05	4.385054e-01
7.745643075093491e-05	4.358312e-01
7.746736673942494e-05	4.337651e-01
7.748751816899675e-05	4.330055e-01
7.752782102814038e-05	4.330289e-01
7.757664802894979e-05	4.330435e-01
7.767430203056861e-05	4.330448e-01
7.777195828056861e-05	4.330397e-01
7.786961453056861e-05	4.330348e-01
7.796727078056862e-05	4.330370e-01
7.806492703056862e-05	4.330392e-01
7.816258328056862e-05	4.330370e-01
7.826023953056862e-05	4.330348e-01
7.835789578056863e-05	4.330370e-01
7.845555203056863e-05	4.330381e-01
7.851513872957963e-05	4.330352e-01
7.855484776383592e-05	4.330319e-01
7.859811358468352e-05	4.330325e-01
7.862020121301945e-05	4.330361e-01
7.865575415553351e-05	4.330414e-01
7.869471791562037e-05	4.330426e-01
7.875426645859983e-05	4.330426e-01
7.883223425903243e-05	4.330426e-01
7.892989050903243e-05	4.330410e-01
7.902754675903243e-05	1.489918e+00
7.905881819503301e-05	3.297482e+00
7.905906068471758e-05	3.395128e+00
7.905954566408673e-05	3.736687e+00
7.906051562282503e-05	4.387025e+00
7.906199241349479e-05	5.283112e+00
7.906310961548543e-05	5.834694e+00
7.906361594447077e-05	5.967742e+00
7.906417963809639e-05	5.999490e+00
7.906455613169705e-05	6.000219e+00
7.906591956212484e-05	6.000000e+00
7.906675458612292e-05	6.000000e+00
7.906828740007616e-05	6.000000e+00
7.907016309114989e-05	6.000000e+00
7.907287506148946e-05	6.000000e+00
7.907676059652591e-05	6.000000e+00
7.908256375182545e-05	6.000000e+00
7.909244585529505e-05	6.000000e+00
7.911196090734475e-05	6.000000e+00
7.915099101144416e-05	6.000000e+00
7.919783029881930e-05	6.000000e+00
7.929150887356961e-05	6.000000e+00
7.938916512356961e-05	6.000000e+00
7.948682137356961e-05	6.000000e+00
7.958447762356962e-05	6.000000e+00
7.977979012356962e-05	6.000000e+00
7.987744637356963e-05	6.000000e+00
7.997510262356963e-05	6.000000e+00
7.999999999999999e-05	6.000000e+00
