time	V(vr)
0.000000000000000e+00	6.705342e+00
1.472820807357062e-09	6.705163e+00
4.418462422071186e-09	6.704803e+00
1.030974565149605e-08	6.704084e+00
1.867070019212014e-08	6.703063e+00
2.838831033791846e-08	6.701875e+00
4.111590315696717e-08	6.700317e+00
6.657108879506797e-08	6.697196e+00
9.546237231402864e-08	6.693646e+00
1.306605286973752e-07	6.689308e+00
1.645200593677630e-07	6.685122e+00
2.055456498549390e-07	6.680034e+00
2.479705703461550e-07	6.674753e+00
2.573111657141646e-07	6.673588e+00
2.730809442787614e-07	6.671618e+00
2.775018128217589e-07	6.671066e+00
2.863435499077504e-07	6.669960e+00
2.910940687123883e-07	6.669366e+00
2.922816984135478e-07	6.669217e+00
2.934794350739763e-07	6.669067e+00
2.940589409995497e-07	6.668995e+00
2.947187858167835e-07	6.668912e+00
2.952247043399838e-07	6.668849e+00
2.957559426984221e-07	6.668782e+00
2.968184194153022e-07	6.668649e+00
2.989433728490624e-07	6.668383e+00
3.021371040962051e-07	6.667983e+00
3.029930384020593e-07	6.667876e+00
3.036945630944002e-07	6.667788e+00
3.054358021798197e-07	6.667570e+00
3.063973320000722e-07	6.667449e+00
3.076098890899134e-07	6.667297e+00
3.089608766603612e-07	6.667128e+00
3.105999860668671e-07	6.666923e+00
3.127140415343414e-07	6.666657e+00
3.155054497358374e-07	6.666307e+00
3.195306554567422e-07	6.665802e+00
3.257826704623194e-07	6.665018e+00
3.365534806426296e-07	6.663665e+00
3.574989375664196e-07	6.661032e+00
3.966923231659195e-07	6.656091e+00
4.750790943649192e-07	6.646162e+00
5.727353443649187e-07	6.633705e+00
6.703915943649181e-07	6.621152e+00
7.680478443649175e-07	6.608506e+00
1.061016594364916e-06	6.570024e+00
1.256329094364915e-06	6.543938e+00
1.451641594364913e-06	6.517524e+00
1.549297844364913e-06	6.504199e+00
1.646954094364912e-06	6.490798e+00
1.744610344364912e-06	6.477323e+00
1.842266594364911e-06	6.463777e+00
1.939922844364910e-06	6.450160e+00
2.037579094364910e-06	6.436476e+00
2.135235344364909e-06	6.422726e+00
2.232891594364909e-06	6.408912e+00
2.330547844364908e-06	6.395037e+00
2.376694762407787e-06	6.388459e+00
2.407054581915355e-06	6.384125e+00
2.424777219643061e-06	6.381592e+00
2.447694424604298e-06	6.378314e+00
2.470896133282521e-06	6.374992e+00
2.496005992050170e-06	6.371393e+00
2.528079679257167e-06	6.366791e+00
2.563969726607850e-06	6.361634e+00
2.616303465920128e-06	6.354102e+00
2.672549409832666e-06	6.345989e+00
2.770205659832665e-06	6.331862e+00
2.867861909832665e-06	6.317686e+00
2.965518159832664e-06	6.303462e+00
3.063174409832663e-06	6.289191e+00
3.160830659832663e-06	6.274878e+00
3.258486909832662e-06	6.260523e+00
3.356143159832662e-06	6.246129e+00
3.453799409832661e-06	6.231697e+00
3.496040231006980e-06	6.225444e+00
3.496525007197335e-06	6.225372e+00
3.497494559578044e-06	6.225229e+00
3.498022924541723e-06	6.225151e+00
3.498566569662316e-06	6.225070e+00
3.498881209614918e-06	6.225023e+00
3.499268866472683e-06	6.224966e+00
3.500044180188215e-06	6.224851e+00
3.501468099272701e-06	6.224640e+00
3.503710201263447e-06	6.224308e+00
3.508194405244934e-06	6.223644e+00
3.515050758595236e-06	6.222628e+00
3.528763465295840e-06	6.220595e+00
3.549572973404880e-06	6.217510e+00
3.591191989622961e-06	6.211335e+00
3.644230547706364e-06	6.203458e+00
3.741886797706364e-06	6.188930e+00
3.839543047706363e-06	6.174373e+00
3.937199297706362e-06	6.159791e+00
4.034855547706362e-06	6.145184e+00
4.132511797706361e-06	6.130555e+00
4.230168047706361e-06	6.115907e+00
4.327824297706360e-06	6.101241e+00
4.425480547706359e-06	6.086560e+00
4.523136797706359e-06	6.071866e+00
4.620793047706358e-06	6.057161e+00
4.718449297706358e-06	6.042448e+00
4.816105547706357e-06	6.027728e+00
4.864765366513625e-06	6.020392e+00
4.915213050119270e-06	6.012785e+00
4.936664652522278e-06	6.009551e+00
4.971996163378173e-06	6.004223e+00
5.016878157902302e-06	5.997455e+00
5.075407281698311e-06	5.988629e+00
5.173063531698311e-06	5.973905e+00
5.270719781698310e-06	5.959184e+00
5.368376031698309e-06	5.944470e+00
5.466032281698309e-06	5.929764e+00
5.563688531698308e-06	5.915069e+00
5.759001031698307e-06	5.885719e+00
5.856657281698306e-06	5.871068e+00
5.909067493668803e-06	5.863214e+00
5.909347119530525e-06	5.863172e+00
5.909906371253967e-06	5.863088e+00
5.910728922471908e-06	5.862965e+00
5.911587138992500e-06	5.862836e+00
5.912959182124620e-06	5.862631e+00
5.914418526957829e-06	5.862412e+00
5.916536853454797e-06	5.862095e+00
5.918500027917600e-06	5.861801e+00
5.919221117330350e-06	5.861693e+00
5.919957939099055e-06	5.861582e+00
5.920453990235736e-06	5.861508e+00
5.921028551068986e-06	5.861422e+00
5.921908741421603e-06	5.861290e+00
5.922711946542551e-06	5.861170e+00
5.925225545213320e-06	5.860794e+00
5.927631610953353e-06	5.860433e+00
5.930037676693387e-06	5.860072e+00
5.932443742433421e-06	5.859712e+00
5.934849808173453e-06	5.859352e+00
5.937255873913487e-06	5.858991e+00
5.939661939653521e-06	5.858631e+00
5.942068005393555e-06	5.858271e+00
5.952760695319953e-06	5.856670e+00
5.973771037387188e-06	5.853525e+00
6.013911544792083e-06	5.847519e+00
6.090320990285483e-06	5.836097e+00
6.187977240285483e-06	5.821522e+00
6.285633490285482e-06	5.806973e+00
6.383289740285481e-06	5.792454e+00
6.480945990285481e-06	5.777966e+00
6.578602240285480e-06	5.763511e+00
6.676258490285480e-06	5.749091e+00
6.773914740285479e-06	5.734710e+00
6.871570990285478e-06	5.720368e+00
6.969227240285478e-06	5.706069e+00
7.066883490285477e-06	5.691814e+00
7.164539740285477e-06	5.677605e+00
7.262195990285476e-06	5.663445e+00
7.308063542306103e-06	5.656812e+00
7.346033335862551e-06	5.651329e+00
7.363263511935421e-06	5.648844e+00
7.387799192997864e-06	5.645308e+00
7.414989184851354e-06	5.641392e+00
7.446451285677877e-06	5.636868e+00
7.491172961555719e-06	5.630446e+00
7.540394488363188e-06	5.623391e+00
7.624413572839055e-06	5.611383e+00
7.711022202307844e-06	5.599050e+00
7.808678452307844e-06	5.585200e+00
7.849745012159666e-06	5.579395e+00
7.875201865204523e-06	5.575802e+00
7.875431244298326e-06	5.575769e+00
7.875890002485936e-06	5.575705e+00
7.876807518861156e-06	5.575575e+00
7.878185558400393e-06	5.575381e+00
7.880941637478866e-06	5.574992e+00
7.880970921761473e-06	5.574988e+00
7.881029490326689e-06	5.574980e+00
7.881146627457122e-06	5.574963e+00
7.881380901717988e-06	5.574930e+00
7.881597815516967e-06	5.574900e+00
7.881815959498046e-06	5.574869e+00
7.882573860352761e-06	5.574762e+00
7.883584394825716e-06	5.574619e+00
7.885605463771628e-06	5.574335e+00
7.889647601663452e-06	5.573765e+00
7.897731877447101e-06	5.572625e+00
7.913900429014394e-06	5.570348e+00
7.938735868697636e-06	5.566853e+00
7.980124020227385e-06	5.561038e+00
8.042848893976165e-06	5.552249e+00
8.140505143976165e-06	5.538620e+00
8.238161393976164e-06	5.525062e+00
8.335817643976164e-06	5.511574e+00
8.433473893976163e-06	5.498160e+00
8.531130143976162e-06	5.484821e+00
8.628786393976162e-06	5.471560e+00
8.726442643976161e-06	5.458379e+00
8.824098893976161e-06	5.445279e+00
8.921755143976160e-06	5.432263e+00
9.019411393976159e-06	5.419332e+00
9.117067643976159e-06	5.406489e+00
9.214723893976158e-06	5.393735e+00
9.312380143976158e-06	5.381073e+00
9.410036393976157e-06	5.368503e+00
9.507692643976156e-06	5.356029e+00
9.605348893976156e-06	5.343651e+00
9.703005143976155e-06	5.331373e+00
9.752615907325925e-06	5.325174e+00
9.792061191506639e-06	5.320263e+00
9.816939922022354e-06	5.317175e+00
9.847711451451892e-06	5.313365e+00
9.886748646019973e-06	5.308545e+00
9.930511096187326e-06	5.303162e+00
9.997048330764771e-06	5.295018e+00
1.006899602273834e-05	5.286267e+00
1.016665227273833e-05	5.274483e+00
1.026430852273833e-05	5.262808e+00
1.036196477273833e-05	5.251244e+00
1.045962102273833e-05	5.239793e+00
1.065493352273834e-05	5.217236e+00
1.085024602273834e-05	5.195150e+00
1.094790227273834e-05	5.184288e+00
1.104555852273835e-05	5.173549e+00
1.114321477273835e-05	5.162934e+00
1.124087102273835e-05	5.152446e+00
1.133852727273836e-05	5.142085e+00
1.143618352273836e-05	5.131853e+00
1.148758489830874e-05	5.126520e+00
1.149658030225258e-05	5.125591e+00
1.150666906366701e-05	5.124549e+00
1.150696559416292e-05	5.124519e+00
1.150755865515473e-05	5.124458e+00
1.150846838386810e-05	5.124364e+00
1.150889491668980e-05	5.124320e+00
1.150937673915487e-05	5.124270e+00
1.150978063435700e-05	5.124228e+00
1.151022226495370e-05	5.124183e+00
1.151110552614709e-05	5.124092e+00
1.151230770682978e-05	5.123968e+00
1.151471206819515e-05	5.123721e+00
1.151657412861467e-05	5.123528e+00
1.151720852298818e-05	5.123463e+00
1.151795808681948e-05	5.123386e+00
1.151848066299100e-05	5.123333e+00
1.151906045937977e-05	5.123272e+00
1.152022005215732e-05	5.123153e+00
1.152140468971085e-05	5.123031e+00
1.152344799731041e-05	5.122821e+00
1.152611375619623e-05	5.122547e+00
1.152997748782528e-05	5.122149e+00
1.153576980560270e-05	5.121554e+00
1.154592319921466e-05	5.120512e+00
1.156457837496403e-05	5.118600e+00
1.160188872646278e-05	5.114792e+00
1.164819656937781e-05	5.110092e+00
1.174081225520788e-05	5.100783e+00
1.183846850520788e-05	5.091100e+00
1.193612475520788e-05	5.081553e+00
1.203378100520789e-05	5.072145e+00
1.213143725520789e-05	5.062877e+00
1.218457548287976e-05	5.057893e+00
1.221739328751740e-05	5.054836e+00
1.225362580941979e-05	5.051479e+00
1.227391495159940e-05	5.049608e+00
1.229681485386414e-05	5.047503e+00
1.232162738829319e-05	5.045232e+00
1.232338897108300e-05	5.045072e+00
1.232573774813610e-05	5.044857e+00
1.232914007289639e-05	5.044547e+00
1.233180806979298e-05	5.044303e+00
1.233456532195380e-05	5.044052e+00
1.233581549822340e-05	5.043938e+00
1.233695368558195e-05	5.043834e+00
1.233791135769177e-05	5.043747e+00
1.233895184355394e-05	5.043652e+00
1.234103281527829e-05	5.043463e+00
1.234254385391295e-05	5.043325e+00
1.234327746907922e-05	5.043258e+00
1.234374450436414e-05	5.043216e+00
1.234429694854227e-05	5.043165e+00
1.234509048007426e-05	5.043093e+00
1.234704074355833e-05	5.042916e+00
1.235008476778382e-05	5.042639e+00
1.235225964872864e-05	5.042441e+00
1.235514199781510e-05	5.042180e+00
1.235935283419559e-05	5.041797e+00
1.236597401207288e-05	5.041196e+00
1.237739269280227e-05	5.040162e+00
1.240022688198923e-05	5.038099e+00
1.243907979090661e-05	5.034608e+00
1.251678560874138e-05	5.027694e+00
1.261444185874138e-05	5.019137e+00
1.271209810874138e-05	5.010727e+00
1.280975435874139e-05	5.002467e+00
1.290741060874139e-05	4.994356e+00
1.300506685874139e-05	4.986397e+00
1.310272310874139e-05	4.978591e+00
1.320037935874140e-05	4.970939e+00
1.329803560874140e-05	4.963441e+00
1.339569185874140e-05	4.956100e+00
1.349334810874141e-05	4.948915e+00
1.359100435874141e-05	4.941890e+00
1.368866060874141e-05	4.935023e+00
1.378631685874141e-05	4.928317e+00
1.388397310874142e-05	4.921772e+00
1.398162935874142e-05	4.915390e+00
1.407928560874142e-05	4.909171e+00
1.417694185874142e-05	4.903116e+00
1.427459810874143e-05	4.897226e+00
1.437225435874143e-05	4.891503e+00
1.446991060874143e-05	4.885946e+00
1.456756685874144e-05	4.880558e+00
1.464841985408431e-05	4.876224e+00
1.469378777482460e-05	4.873843e+00
1.474105794064308e-05	4.871400e+00
1.476042421727696e-05	4.870411e+00
1.479692498814487e-05	4.868566e+00
1.483810413414825e-05	4.866512e+00
1.489545441936187e-05	4.863702e+00
1.499089971347921e-05	4.859157e+00
1.508828468615476e-05	4.854689e+00
1.518594093615476e-05	4.850380e+00
1.528359718615476e-05	4.846244e+00
1.538125343615477e-05	4.842283e+00
1.557656593615477e-05	4.834883e+00
1.577187843615478e-05	4.828185e+00
1.586953468615478e-05	4.825100e+00
1.596719093615478e-05	4.822192e+00
1.606484718615479e-05	4.819462e+00
1.616250343615479e-05	4.816910e+00
1.626015968615479e-05	4.814535e+00
1.635781593615479e-05	4.812339e+00
1.645547218615480e-05	4.810323e+00
1.655312843615480e-05	4.808485e+00
1.665078468615480e-05	4.806827e+00
1.674844093615481e-05	4.805348e+00
1.675499234940316e-05	4.805255e+00
1.676809517589988e-05	4.805072e+00
1.679430082889331e-05	4.804716e+00
1.682657595710582e-05	4.804294e+00
1.684148316632987e-05	4.804106e+00
1.684161565427575e-05	4.804105e+00
1.684188063016749e-05	4.804101e+00
1.684241058195096e-05	4.804095e+00
1.684323966496091e-05	4.804084e+00
1.684489783098080e-05	4.804064e+00
1.684821416302057e-05	4.804023e+00
1.685055901443410e-05	4.803994e+00
1.685114522728749e-05	4.803987e+00
1.685168581247568e-05	4.803980e+00
1.685206668140000e-05	4.803976e+00
1.685237976544155e-05	4.803972e+00
1.685330239188953e-05	4.803960e+00
1.685593123890257e-05	4.803928e+00
1.685964024875760e-05	4.803883e+00
1.686653768624668e-05	4.803800e+00
1.687290623372288e-05	4.803724e+00
1.688405176890747e-05	4.803593e+00
1.690539504409686e-05	4.803349e+00
1.694808159447565e-05	4.802885e+00
1.695088721014917e-05	4.802856e+00
1.695649844149621e-05	4.802798e+00
1.696772090419030e-05	4.802683e+00
1.698501081449972e-05	4.802512e+00
1.698528872583126e-05	4.802509e+00
1.698584454849434e-05	4.802504e+00
1.698695619382050e-05	4.802493e+00
1.698917948447281e-05	4.802472e+00
1.699076458865066e-05	4.802456e+00
1.699203047680491e-05	4.802444e+00
1.699272152146648e-05	4.802437e+00
1.699352217403907e-05	4.802430e+00
1.699417004213719e-05	4.802423e+00
1.699484212206535e-05	4.802417e+00
1.699618628192168e-05	4.802404e+00
1.699887460163432e-05	4.802379e+00
1.700102168959838e-05	4.802358e+00
1.700167496457366e-05	4.802352e+00
1.700232569116448e-05	4.802346e+00
1.700290894644879e-05	4.802341e+00
1.700352425952487e-05	4.802335e+00
1.700465480668550e-05	4.802324e+00
1.700718766303186e-05	4.802300e+00
1.700972051937822e-05	4.802277e+00
1.701225337572459e-05	4.802253e+00
1.701478623207095e-05	4.802230e+00
1.701731908841731e-05	4.802207e+00
1.701985194476368e-05	4.802184e+00
1.702238480111004e-05	4.802161e+00
1.703281292143090e-05	4.802067e+00
1.705344871823026e-05	4.801889e+00
1.708304916936910e-05	4.801647e+00
1.710838886060956e-05	4.801453e+00
1.713694426911270e-05	4.801249e+00
1.715311107084121e-05	4.801140e+00
1.718069333742771e-05	4.800966e+00
1.720400837531533e-05	4.800830e+00
1.722927737303998e-05	4.800694e+00
1.726022326811305e-05	4.800545e+00
1.730118173221763e-05	4.800375e+00
1.735819950710462e-05	4.800190e+00
1.742814509715220e-05	4.800049e+00
1.752580134715220e-05	4.800006e+00
1.762345759715220e-05	4.800144e+00
1.772111384715221e-05	4.800463e+00
1.781877009715221e-05	4.800962e+00
1.791642634715221e-05	4.801643e+00
1.801408259715222e-05	4.802503e+00
1.811173884715222e-05	4.803544e+00
1.820939509715222e-05	4.804765e+00
1.830705134715222e-05	4.806166e+00
1.840470759715223e-05	4.807747e+00
1.850236384715223e-05	4.809507e+00
1.860002009715223e-05	4.811447e+00
1.869767634715224e-05	4.813565e+00
1.879533259715224e-05	4.815863e+00
1.889298884715224e-05	4.818338e+00
1.899064509715224e-05	4.820992e+00
1.908830134715225e-05	4.823823e+00
1.918595759715225e-05	4.826831e+00
1.928361384715225e-05	4.830016e+00
1.938127009715225e-05	4.833377e+00
1.947892634715226e-05	4.836914e+00
1.956606145546732e-05	4.840218e+00
1.961264076829305e-05	4.842041e+00
1.966116188834306e-05	4.843982e+00
1.968114538440149e-05	4.844794e+00
1.971755056425509e-05	4.846292e+00
1.975976892979319e-05	4.848060e+00
1.981863944138053e-05	4.850578e+00
1.991629569138053e-05	4.854895e+00
2.001395194138053e-05	4.859384e+00
2.011160819138054e-05	4.864045e+00
2.020926444138054e-05	4.868877e+00
2.030692069138054e-05	4.873879e+00
2.050223319138055e-05	4.884392e+00
2.069754569138055e-05	4.895577e+00
2.079520194138056e-05	4.901419e+00
2.089285819138056e-05	4.907427e+00
2.099051444138056e-05	4.913599e+00
2.108817069138056e-05	4.919935e+00
2.118582694138057e-05	4.926434e+00
2.128348319138057e-05	4.933094e+00
2.138113944138057e-05	4.939915e+00
2.147879569138058e-05	4.946895e+00
2.149295843399888e-05	4.947921e+00
2.151218556216492e-05	4.949318e+00
2.151768110363104e-05	4.949719e+00
2.151905498899757e-05	4.949819e+00
2.152180275973062e-05	4.950020e+00
2.152531993386590e-05	4.950277e+00
2.152955619542909e-05	4.950586e+00
2.153133591493815e-05	4.950716e+00
2.153299866060901e-05	4.950838e+00
2.153422591310513e-05	4.950928e+00
2.153565503216697e-05	4.951033e+00
2.153838797301949e-05	4.951233e+00
2.153844882890135e-05	4.951237e+00
2.153857054066508e-05	4.951246e+00
2.153873661762610e-05	4.951259e+00
2.153893238949082e-05	4.951273e+00
2.153909551412852e-05	4.951285e+00
2.154012831087784e-05	4.951361e+00
2.154116110762715e-05	4.951436e+00
2.154219390437647e-05	4.951512e+00
2.154322670112579e-05	4.951588e+00
2.154425949787511e-05	4.951664e+00
2.154529229462443e-05	4.951739e+00
2.154632509137374e-05	4.951815e+00
2.155218768926546e-05	4.952246e+00
2.156045700018596e-05	4.952854e+00
2.157699562202697e-05	4.954074e+00
2.160712343667721e-05	4.956309e+00
2.164840393349610e-05	4.959395e+00
2.173096492713389e-05	4.965652e+00
2.182862117713389e-05	4.973195e+00
2.192627742713389e-05	4.980893e+00
2.200880918680704e-05	4.987519e+00
2.205200261142228e-05	4.991030e+00
2.209383740667317e-05	4.994459e+00
2.209563466274628e-05	4.994607e+00
2.209803100417710e-05	4.994804e+00
2.210282368703875e-05	4.995199e+00
2.211240905276204e-05	4.995990e+00
2.211958526416167e-05	4.996583e+00
2.213223885495922e-05	4.997631e+00
2.213371495825551e-05	4.997753e+00
2.213533360889129e-05	4.997888e+00
2.213645931336280e-05	4.997981e+00
2.213768318626600e-05	4.998083e+00
2.213922804895826e-05	4.998211e+00
2.214117217330497e-05	4.998372e+00
2.214144908852473e-05	4.998395e+00
2.214200291896424e-05	4.998441e+00
2.214252498425417e-05	4.998485e+00
2.214402397334706e-05	4.998609e+00
2.214494995379254e-05	4.998686e+00
2.214676120653500e-05	4.998837e+00
2.214943582236775e-05	4.999059e+00
2.215344754993989e-05	4.999393e+00
2.216085548011624e-05	5.000010e+00
2.217141252586585e-05	5.000891e+00
2.219252661736506e-05	5.002658e+00
2.223475480036349e-05	5.006213e+00
2.228429316624137e-05	5.010419e+00
2.238194941624137e-05	5.018823e+00
2.247960566624138e-05	5.027375e+00
2.257726191624138e-05	5.036073e+00
2.267491816624138e-05	5.044917e+00
2.277257441624138e-05	5.053904e+00
2.287023066624139e-05	5.063034e+00
2.296788691624139e-05	5.072305e+00
2.306554316624139e-05	5.081716e+00
2.316319941624140e-05	5.091264e+00
2.326085566624140e-05	5.100950e+00
2.335851191624140e-05	5.110771e+00
2.345616816624140e-05	5.120726e+00
2.355382441624141e-05	5.130814e+00
2.365148066624141e-05	5.141032e+00
2.374913691624141e-05	5.151380e+00
2.384679316624141e-05	5.161855e+00
2.394444941624142e-05	5.172457e+00
2.404210566624142e-05	5.183184e+00
2.413976191624142e-05	5.194033e+00
2.423741816624143e-05	5.205004e+00
2.433507441624143e-05	5.216094e+00
2.443273066624143e-05	5.227303e+00
2.448974029224496e-05	5.233900e+00
2.452737023167507e-05	5.238276e+00
2.457058538860948e-05	5.243322e+00
2.459676742320379e-05	5.246391e+00
2.463110559127205e-05	5.250428e+00
2.467185822342072e-05	5.255236e+00
2.473371028088274e-05	5.262572e+00
2.481245306556281e-05	5.271976e+00
2.491010931556281e-05	5.283737e+00
2.500776556556281e-05	5.295605e+00
2.510542181556282e-05	5.307580e+00
2.520307806556282e-05	5.319660e+00
2.539839056556282e-05	5.344123e+00
2.559370306556283e-05	5.368983e+00
2.569135931556283e-05	5.381556e+00
2.578901556556284e-05	5.394222e+00
2.588667181556284e-05	5.406979e+00
2.593908145783238e-05	5.413863e+00
2.594365909455113e-05	5.414465e+00
2.594976261017613e-05	5.415268e+00
2.596305482129988e-05	5.417020e+00
2.596522518104739e-05	5.417306e+00
2.596956590054240e-05	5.417878e+00
2.597556887103915e-05	5.418670e+00
2.598030612123199e-05	5.419295e+00
2.598250056226305e-05	5.419585e+00
2.598457969959252e-05	5.419859e+00
2.598586592614216e-05	5.420029e+00
2.598758607251361e-05	5.420256e+00
2.598905858508577e-05	5.420450e+00
2.598956331799999e-05	5.420517e+00
2.599003842232294e-05	5.420580e+00
2.599055831467009e-05	5.420649e+00
2.599195509731847e-05	5.420833e+00
2.599410848870367e-05	5.421117e+00
2.599764294261985e-05	5.421584e+00
2.600390116167241e-05	5.422411e+00
2.600946904587341e-05	5.423147e+00
2.601888389189440e-05	5.424393e+00
2.603641433855146e-05	5.426713e+00
2.607147523186557e-05	5.431364e+00
2.611942194727862e-05	5.437741e+00
2.621531537810471e-05	5.450556e+00
2.631297162810472e-05	5.463689e+00
2.641062787810472e-05	5.476903e+00
2.650828412810472e-05	5.490195e+00
2.660594037810472e-05	5.503565e+00
2.670359662810473e-05	5.517009e+00
2.680125287810473e-05	5.530526e+00
2.689890912810473e-05	5.544113e+00
2.694720821851594e-05	5.550858e+00
2.697696546303616e-05	5.555023e+00
2.699840521958934e-05	5.558027e+00
2.702451932829582e-05	5.561690e+00
2.704765240168527e-05	5.564939e+00
2.707251943671419e-05	5.568437e+00
2.710677603859007e-05	5.573261e+00
2.714420003320411e-05	5.578540e+00
2.720299396361689e-05	5.586853e+00
2.726589432218434e-05	5.595770e+00
2.736355057218434e-05	5.609666e+00
2.746120682218435e-05	5.623621e+00
2.755886307218435e-05	5.637631e+00
2.759907000412287e-05	5.643416e+00
2.759942024748442e-05	5.643466e+00
2.760012073420752e-05	5.643568e+00
2.760104640230731e-05	5.643701e+00
2.760157302194542e-05	5.643776e+00
2.760208643194269e-05	5.643850e+00
2.760279082240518e-05	5.643952e+00
2.760363467291676e-05	5.644073e+00
2.760523006791772e-05	5.644303e+00
2.760842085791962e-05	5.644763e+00
2.761366787088556e-05	5.645519e+00
2.762416189681745e-05	5.647031e+00
2.763984216611985e-05	5.649292e+00
2.767120270472465e-05	5.653817e+00
2.771127809447524e-05	5.659607e+00
2.779142887397642e-05	5.671215e+00
2.788908512397642e-05	5.685401e+00
2.798674137397642e-05	5.699636e+00
2.808439762397643e-05	5.713916e+00
2.818205387397643e-05	5.728239e+00
2.827971012397643e-05	5.742602e+00
2.837736637397643e-05	5.757005e+00
2.847502262397644e-05	5.771444e+00
2.857267887397644e-05	5.785917e+00
2.867033512397644e-05	5.800423e+00
2.876799137397645e-05	5.814959e+00
2.886564762397645e-05	5.829523e+00
2.896330387397645e-05	5.844112e+00
2.906096012397645e-05	5.858725e+00
2.915861637397646e-05	5.873359e+00
2.925627262397646e-05	5.888012e+00
2.935392887397646e-05	5.902682e+00
2.940710258896680e-05	5.910676e+00
2.944479437765938e-05	5.916345e+00
2.947796777094722e-05	5.921336e+00
2.950835916156139e-05	5.925910e+00
2.954188628508234e-05	5.930956e+00
2.958595917785172e-05	5.937593e+00
2.965023048055607e-05	5.947273e+00
2.972353802121303e-05	5.958319e+00
2.982119427121303e-05	5.973039e+00
2.991885052121304e-05	5.987763e+00
3.001650677121304e-05	6.002489e+00
3.011416302121304e-05	6.017215e+00
3.021181927121304e-05	6.031938e+00
3.030947552121305e-05	6.046656e+00
3.034782875358212e-05	6.052434e+00
3.034811877141785e-05	6.052478e+00
3.034869880708931e-05	6.052566e+00
3.034985887843223e-05	6.052741e+00
3.035047668649441e-05	6.052834e+00
3.035087074083009e-05	6.052893e+00
3.035125441374815e-05	6.052951e+00
3.035202496827527e-05	6.053067e+00
3.035259480495804e-05	6.053153e+00
3.035322473120000e-05	6.053247e+00
3.035409664033711e-05	6.053379e+00
3.035515666567748e-05	6.053539e+00
3.035654604994051e-05	6.053748e+00
3.035835416157355e-05	6.054020e+00
3.036069917748380e-05	6.054374e+00
3.036382771495115e-05	6.054845e+00
3.036855029625750e-05	6.055556e+00
3.037603926182160e-05	6.056684e+00
3.038970610215793e-05	6.058743e+00
3.041703978283058e-05	6.062860e+00
3.045513765302366e-05	6.068596e+00
3.053133339340980e-05	6.080064e+00
3.062898964340980e-05	6.094751e+00
3.072664589340980e-05	6.109424e+00
3.082430214340981e-05	6.124080e+00
3.101961464340981e-05	6.153334e+00
3.111727089340982e-05	6.167928e+00
3.121492714340982e-05	6.182496e+00
3.131258339340982e-05	6.197037e+00
3.141023964340982e-05	6.211548e+00
3.150789589340983e-05	6.226027e+00
3.160555214340983e-05	6.240472e+00
3.170320839340983e-05	6.254881e+00
3.180086464340984e-05	6.269252e+00
3.185167890741263e-05	6.276714e+00
3.188189084130792e-05	6.281145e+00
3.190968173667046e-05	6.285217e+00
3.193323843409393e-05	6.288666e+00
3.195631023850019e-05	6.292042e+00
3.198119752202886e-05	6.295681e+00
3.201822189226862e-05	6.301088e+00
3.205811857357848e-05	6.306909e+00
3.212608667081534e-05	6.316806e+00
3.219658917363492e-05	6.327047e+00
3.229424542363493e-05	6.341191e+00
3.239190167363493e-05	6.355284e+00
3.248955792363493e-05	6.369322e+00
3.258721417363493e-05	6.383306e+00
3.268487042363494e-05	6.397231e+00
3.278252667363494e-05	6.411097e+00
3.288018292363494e-05	6.424901e+00
3.297783917363495e-05	6.438641e+00
3.307549542363495e-05	6.452314e+00
3.317315167363495e-05	6.465920e+00
3.320520805948854e-05	6.470371e+00
3.320543124092371e-05	6.470402e+00
3.320587760379404e-05	6.470464e+00
3.320677032953470e-05	6.470588e+00
3.320818080974602e-05	6.470783e+00
3.320927168710792e-05	6.470935e+00
3.320978527324329e-05	6.471006e+00
3.321035220056709e-05	6.471085e+00
3.321115378252796e-05	6.471196e+00
3.321206143334166e-05	6.471322e+00
3.321294826175690e-05	6.471445e+00
3.321463587669767e-05	6.471679e+00
3.321676591194337e-05	6.471974e+00
3.322001833772369e-05	6.472425e+00
3.322476181392160e-05	6.473082e+00
3.323234177983662e-05	6.474133e+00
3.324573852556987e-05	6.475987e+00
3.327253201703638e-05	6.479694e+00
3.331246701079869e-05	6.485208e+00
3.339233699832333e-05	6.496199e+00
3.348999324832333e-05	6.509569e+00
3.358764949832334e-05	6.522863e+00
3.368530574832334e-05	6.536078e+00
3.378296199832334e-05	6.549213e+00
3.388061824832335e-05	6.562264e+00
3.397827449832335e-05	6.575232e+00
3.407593074832335e-05	6.588112e+00
3.417358699832335e-05	6.600904e+00
3.427124324832336e-05	6.613605e+00
3.432301383917068e-05	6.620301e+00
3.436141752409716e-05	6.625251e+00
3.439090842180017e-05	6.629043e+00
3.442582512358450e-05	6.633520e+00
3.445852121581631e-05	6.637702e+00
3.450598986763801e-05	6.643754e+00
3.457208398307669e-05	6.652143e+00
3.464793462001356e-05	6.661715e+00
3.469260738311741e-05	6.667325e+00
3.470879612052557e-05	6.669352e+00
3.470899905694618e-05	6.669377e+00
3.470940492978740e-05	6.669428e+00
3.471021667546985e-05	6.669530e+00
3.471155882961906e-05	6.669698e+00
3.471424313791747e-05	6.670033e+00
3.471433564348467e-05	6.670045e+00
3.471445898424092e-05	6.670061e+00
3.471467657227826e-05	6.670088e+00
3.471490432799156e-05	6.670116e+00
3.471510882797360e-05	6.670142e+00
3.471536012918877e-05	6.670173e+00
3.471586273161913e-05	6.670236e+00
3.471686793647984e-05	6.670362e+00
3.471873138731431e-05	6.670595e+00
3.472245828898327e-05	6.671061e+00
3.472878781546342e-05	6.671852e+00
3.474144686842372e-05	6.673433e+00
3.476001613216444e-05	6.675749e+00
3.479715465964590e-05	6.680369e+00
3.483797073924734e-05	6.685431e+00
3.491960289845023e-05	6.695498e+00
3.501725914845023e-05	6.707446e+00
3.511491539845023e-05	6.719287e+00
3.531022789845024e-05	6.742644e+00
3.550554039845024e-05	6.765553e+00
3.570085289845025e-05	6.788000e+00
3.589616539845026e-05	6.809973e+00
3.599382164845026e-05	6.820777e+00
3.609147789845026e-05	6.831458e+00
3.618913414845026e-05	6.842013e+00
3.628679039845027e-05	6.852442e+00
3.638444664845027e-05	6.862742e+00
3.648210289845027e-05	6.872913e+00
3.657975914845028e-05	6.882952e+00
3.667741539845028e-05	6.892858e+00
3.674220480060872e-05	6.899355e+00
3.678214345983900e-05	6.903331e+00
3.682082318608218e-05	6.907160e+00
3.683723008172333e-05	6.908778e+00
3.686355157048791e-05	6.911365e+00
3.688803408875525e-05	6.913763e+00
3.691727222729869e-05	6.916614e+00
3.695563158051354e-05	6.920337e+00
3.699857549495236e-05	6.924479e+00
3.706649100261659e-05	6.930975e+00
3.713810074736354e-05	6.937750e+00
3.723575699736354e-05	6.946868e+00
3.733341324736354e-05	6.955843e+00
3.743106949736355e-05	6.964674e+00
3.752872574736355e-05	6.973360e+00
3.762638199736355e-05	6.981899e+00
3.772403824736356e-05	6.990291e+00
3.782169449736356e-05	6.998533e+00
3.791935074736356e-05	7.006625e+00
3.801700699736356e-05	7.014565e+00
3.811466324736357e-05	7.022353e+00
3.821231949736357e-05	7.029986e+00
3.830997574736357e-05	7.037465e+00
3.840763199736357e-05	7.044787e+00
3.850528824736358e-05	7.051952e+00
3.860294449736358e-05	7.058959e+00
3.865069757635286e-05	7.062326e+00
3.866263584610018e-05	7.063162e+00
3.868651238559482e-05	7.064827e+00
3.868862558643238e-05	7.064974e+00
3.869285198810751e-05	7.065268e+00
3.869289078913380e-05	7.065270e+00
3.869296839118635e-05	7.065276e+00
3.869312359529148e-05	7.065287e+00
3.869331965691954e-05	7.065300e+00
3.869364183897615e-05	7.065323e+00
3.869428620308936e-05	7.065368e+00
3.869492929920715e-05	7.065412e+00
3.869575518316064e-05	7.065469e+00
3.869697477013956e-05	7.065554e+00
3.869938366952935e-05	7.065721e+00
3.870146968988476e-05	7.065866e+00
3.870207153696917e-05	7.065907e+00
3.870257499309851e-05	7.065942e+00
3.870316730765215e-05	7.065983e+00
3.870435193675943e-05	7.066065e+00
3.870803326505547e-05	7.066320e+00
3.871630627119604e-05	7.066892e+00
3.872466839134762e-05	7.067468e+00
3.873894942008927e-05	7.068450e+00
3.876751147757255e-05	7.070404e+00
3.880716880501686e-05	7.073094e+00
3.888648345990547e-05	7.078394e+00
3.898413970990547e-05	7.084772e+00
3.908179595990548e-05	7.090987e+00
3.917945220990548e-05	7.097037e+00
3.923163016664082e-05	7.100203e+00
3.923191501826903e-05	7.100220e+00
3.923248472152546e-05	7.100254e+00
3.923362412803831e-05	7.100323e+00
3.923540376134620e-05	7.100430e+00
3.923692855301256e-05	7.100521e+00
3.923766683265828e-05	7.100565e+00
3.923849024254046e-05	7.100615e+00
3.923888753814262e-05	7.100639e+00
3.923939548236636e-05	7.100669e+00
3.924041137081385e-05	7.100730e+00
3.924217938191548e-05	7.100837e+00
3.924501987547229e-05	7.101007e+00
3.925070086258590e-05	7.101347e+00
3.925889913917208e-05	7.101838e+00
3.927529569234444e-05	7.102815e+00
3.930443569105417e-05	7.104540e+00
3.934165008536258e-05	7.106721e+00
3.938102693492903e-05	7.109003e+00
3.942918568875777e-05	7.111757e+00
3.949167902072309e-05	7.115269e+00
3.958455803981010e-05	7.120363e+00
3.968221428981010e-05	7.125554e+00
3.977987053981011e-05	7.130575e+00
3.987752678981011e-05	7.135426e+00
3.997518303981011e-05	7.140106e+00
4.026815178981012e-05	7.153113e+00
4.046346428981013e-05	7.160917e+00
4.065877678981013e-05	7.168023e+00
4.085408928981014e-05	7.174424e+00
4.095174553981014e-05	7.177360e+00
4.104940178981014e-05	7.180118e+00
4.114705803981014e-05	7.182699e+00
4.124471428981015e-05	7.185101e+00
4.134237053981015e-05	7.187325e+00
4.144002678981015e-05	7.189370e+00
4.153768303981016e-05	7.191236e+00
4.163533928981016e-05	7.192923e+00
4.168285830499844e-05	7.193679e+00
4.171232855803073e-05	7.194127e+00
4.173231210676250e-05	7.194420e+00
4.175706756372225e-05	7.194774e+00
4.177974743875425e-05	7.195088e+00
4.180444901952396e-05	7.195419e+00
4.183607564358854e-05	7.195826e+00
4.187180824791920e-05	7.196263e+00
4.192408908034175e-05	7.196859e+00
4.198069177168770e-05	7.197446e+00
4.207834802168771e-05	7.198316e+00
4.217600427168771e-05	7.199006e+00
4.227366052168771e-05	7.199515e+00
4.237131677168772e-05	7.199843e+00
4.246897302168772e-05	7.199991e+00
4.256662927168772e-05	7.199958e+00
4.266428552168772e-05	7.199744e+00
4.276194177168773e-05	7.199350e+00
4.285959802168773e-05	7.198775e+00
4.295725427168773e-05	7.198020e+00
4.305491052168774e-05	7.197083e+00
4.315256677168774e-05	7.195968e+00
4.325022302168774e-05	7.194671e+00
4.334787927168774e-05	7.193195e+00
4.344553552168775e-05	7.191539e+00
4.354319177168775e-05	7.189704e+00
4.364084802168775e-05	7.187689e+00
4.373850427168775e-05	7.185496e+00
4.378074734286633e-05	7.184492e+00
4.378099674549653e-05	7.184486e+00
4.378149555075692e-05	7.184474e+00
4.378249316127769e-05	7.184450e+00
4.378448488130779e-05	7.184402e+00
4.378498281131532e-05	7.184389e+00
4.378547325197511e-05	7.184377e+00
4.378578668755462e-05	7.184370e+00
4.378606220506055e-05	7.184363e+00
4.378679943778758e-05	7.184345e+00
4.378873707371876e-05	7.184298e+00
4.379127606265893e-05	7.184237e+00
4.379579719499964e-05	7.184126e+00
4.380469333603013e-05	7.183908e+00
4.381357041025096e-05	7.183689e+00
4.383042028851577e-05	7.183269e+00
4.386412004504541e-05	7.182412e+00
4.390565056798567e-05	7.181328e+00
4.397854025017404e-05	7.179347e+00
4.402020858483764e-05	7.178170e+00
4.402151072029588e-05	7.178133e+00
4.402411499121235e-05	7.178058e+00
4.402932353304529e-05	7.177908e+00
4.403688494322978e-05	7.177690e+00
4.404919442135976e-05	7.177332e+00
4.405587562924480e-05	7.177137e+00
4.405596358539782e-05	7.177134e+00
4.405613949770387e-05	7.177129e+00
4.405649132231598e-05	7.177119e+00
4.405719497154019e-05	7.177098e+00
4.405752012382773e-05	7.177089e+00
4.405785311524357e-05	7.177079e+00
4.405833171979787e-05	7.177065e+00
4.405881455461292e-05	7.177051e+00
4.405968128526455e-05	7.177025e+00
4.406080621821306e-05	7.176992e+00
4.406305608411010e-05	7.176926e+00
4.406587628472313e-05	7.176843e+00
4.406662537119249e-05	7.176821e+00
4.406724408415904e-05	7.176803e+00
4.406796671821208e-05	7.176781e+00
4.406941198631819e-05	7.176739e+00
4.407333049861950e-05	7.176622e+00
4.408109975671629e-05	7.176392e+00
4.408905488936351e-05	7.176155e+00
4.410240195478779e-05	7.175754e+00
4.412412021533304e-05	7.175094e+00
4.414744370947665e-05	7.174376e+00
4.417115907274190e-05	7.173636e+00
4.419930969855165e-05	7.172744e+00
4.422986489405461e-05	7.171759e+00
4.426381199393968e-05	7.170644e+00
4.430920386147299e-05	7.169120e+00
4.435860725890788e-05	7.167418e+00
4.444453974084983e-05	7.164351e+00
4.453458831034970e-05	7.160992e+00
4.463224456034970e-05	7.157180e+00
4.472990081034971e-05	7.153194e+00
4.482755706034971e-05	7.149035e+00
4.502286956034971e-05	7.140197e+00
4.521818206034972e-05	7.130673e+00
4.541349456034973e-05	7.120468e+00
4.560880706034973e-05	7.109588e+00
4.580411956034974e-05	7.098039e+00
4.590177581034974e-05	7.092016e+00
4.599943206034974e-05	7.085829e+00
4.609708831034974e-05	7.079478e+00
4.619474456034975e-05	7.072965e+00
4.629240081034975e-05	7.066290e+00
4.639005706034975e-05	7.059454e+00
4.648771331034976e-05	7.052459e+00
4.656837812522383e-05	7.046562e+00
4.661140063594295e-05	7.043372e+00
4.665291816138304e-05	7.040266e+00
4.667017200356928e-05	7.038966e+00
4.669508884001496e-05	7.037081e+00
4.672126127143555e-05	7.035089e+00
4.675092212040575e-05	7.032820e+00
4.679170237831597e-05	7.029675e+00
4.683664253698504e-05	7.026178e+00
4.690894071193368e-05	7.020484e+00
4.698444872240266e-05	7.014448e+00
4.708210497240266e-05	7.006505e+00
4.717976122240266e-05	6.998411e+00
4.727741747240266e-05	6.990167e+00
4.737507372240267e-05	6.981773e+00
4.747272997240267e-05	6.973232e+00
4.757038622240267e-05	6.964544e+00
4.766804247240268e-05	6.955710e+00
4.776569872240268e-05	6.946733e+00
4.786335497240268e-05	6.937613e+00
4.796101122240268e-05	6.928352e+00
4.805866747240269e-05	6.918952e+00
4.815632372240269e-05	6.909412e+00
4.825397997240269e-05	6.899736e+00
4.830635188479356e-05	6.894491e+00
4.830787776369980e-05	6.894338e+00
4.831092952151231e-05	6.894031e+00
4.831703303713731e-05	6.893417e+00
4.832697931300272e-05	6.892415e+00
4.832787616341482e-05	6.892324e+00
4.832966986423903e-05	6.892143e+00
4.833175613943151e-05	6.891933e+00
4.833385490645293e-05	6.891721e+00
4.833509596025477e-05	6.891596e+00
4.833578680556913e-05	6.891526e+00
4.833652724535960e-05	6.891451e+00
4.833710276041499e-05	6.891393e+00
4.833770860148429e-05	6.891332e+00
4.833880451067377e-05	6.891222e+00
4.834099632905275e-05	6.891000e+00
4.834279281007256e-05	6.890819e+00
4.834324193032752e-05	6.890773e+00
4.834375425052205e-05	6.890721e+00
4.834407549457679e-05	6.890689e+00
4.834435750325906e-05	6.890661e+00
4.834465339028029e-05	6.890631e+00
4.834512028146546e-05	6.890584e+00
4.834711823669060e-05	6.890381e+00
4.834972510005043e-05	6.890118e+00
4.835434061523849e-05	6.889651e+00
4.836354357320985e-05	6.888719e+00
4.837281670885274e-05	6.887779e+00
4.839057644885027e-05	6.885975e+00
4.842609592884534e-05	6.882353e+00
4.847156346433069e-05	6.877692e+00
4.856249853530139e-05	6.868284e+00
4.866015478530140e-05	6.858054e+00
4.875781103530140e-05	6.847695e+00
4.885546728530140e-05	6.837208e+00
4.895312353530140e-05	6.826595e+00
4.905077978530141e-05	6.815858e+00
4.909909869398269e-05	6.810500e+00
4.914985963712132e-05	6.804838e+00
4.916973829595202e-05	6.802612e+00
4.920758267223825e-05	6.798361e+00
4.925090787636747e-05	6.793471e+00
4.931540386360700e-05	6.786150e+00
4.931808810966639e-05	6.785843e+00
4.932345660178516e-05	6.785232e+00
4.933419358602273e-05	6.784007e+00
4.934995738484384e-05	6.782206e+00
4.935006719159557e-05	6.782193e+00
4.935028680509905e-05	6.782167e+00
4.935072603210598e-05	6.782117e+00
4.935095834363261e-05	6.782091e+00
4.935119736384044e-05	6.782063e+00
4.935152845637126e-05	6.782026e+00
4.935186334931456e-05	6.781987e+00
4.935253313520116e-05	6.781911e+00
4.935320182048211e-05	6.781834e+00
4.935434674481559e-05	6.781703e+00
4.935643176943849e-05	6.781465e+00
4.935938264741416e-05	6.781127e+00
4.936022870655737e-05	6.781030e+00
4.936088990968219e-05	6.780954e+00
4.936292031236154e-05	6.780722e+00
4.936415135495787e-05	6.780581e+00
4.936608754903340e-05	6.780359e+00
4.936845456716573e-05	6.780088e+00
4.937156405279678e-05	6.779732e+00
4.938404398621608e-05	6.778300e+00
4.939809209894876e-05	6.776687e+00
4.942618832441415e-05	6.773452e+00
4.946472670300911e-05	6.769000e+00
4.954180346019904e-05	6.760041e+00
4.963945971019904e-05	6.748588e+00
4.973711596019905e-05	6.737023e+00
4.983477221019905e-05	6.725346e+00
5.003008471019905e-05	6.701667e+00
5.022539721019906e-05	6.677565e+00
5.042070971019907e-05	6.653056e+00
5.061602221019907e-05	6.628152e+00
5.071367846019907e-05	6.615558e+00
5.081133471019908e-05	6.602870e+00
5.090899096019908e-05	6.590093e+00
5.100664721019908e-05	6.577226e+00
5.110430346019908e-05	6.564272e+00
5.120195971019909e-05	6.551233e+00
5.129961596019909e-05	6.538112e+00
5.139727221019909e-05	6.524909e+00
5.149492846019910e-05	6.511627e+00
5.154080903129421e-05	6.505360e+00
5.157831838665191e-05	6.500225e+00
5.159559368360511e-05	6.497855e+00
5.162004306548120e-05	6.494498e+00
5.164726189409939e-05	6.490756e+00
5.167821356382486e-05	6.486493e+00
5.172221710644058e-05	6.480420e+00
5.177061026542827e-05	6.473723e+00
5.185232239598796e-05	6.462378e+00
5.193690829851951e-05	6.450582e+00
5.203456454851952e-05	6.436899e+00
5.213222079851952e-05	6.423151e+00
5.222987704851952e-05	6.409339e+00
5.232753329851952e-05	6.395466e+00
5.242518954851953e-05	6.381533e+00
5.252284579851953e-05	6.367542e+00
5.262050204851953e-05	6.353497e+00
5.271815829851953e-05	6.339397e+00
5.276046068689085e-05	6.333274e+00
5.276095173466669e-05	6.333203e+00
5.276193383021839e-05	6.333061e+00
5.276246476340361e-05	6.332984e+00
5.276297472787413e-05	6.332910e+00
5.276327304897625e-05	6.332867e+00
5.276367488551925e-05	6.332808e+00
5.276447855860526e-05	6.332692e+00
5.276566017351378e-05	6.332521e+00
5.276802340333082e-05	6.332179e+00
5.277274986296491e-05	6.331493e+00
5.278220278223307e-05	6.330123e+00
5.279838538683874e-05	6.327776e+00
5.283075059605007e-05	6.323079e+00
5.286673867945713e-05	6.317849e+00
5.293871484627125e-05	6.307370e+00
5.303637109627125e-05	6.293112e+00
5.313402734627125e-05	6.278811e+00
5.323168359627126e-05	6.264467e+00
5.332933984627126e-05	6.250083e+00
5.342699609627126e-05	6.235662e+00
5.352465234627126e-05	6.221205e+00
5.362230859627127e-05	6.206715e+00
5.371996484627127e-05	6.192194e+00
5.381762109627127e-05	6.177643e+00
5.391527734627128e-05	6.163066e+00
5.397048541449616e-05	6.154814e+00
5.400723525498312e-05	6.149317e+00
5.405008315502356e-05	6.142904e+00
5.407967083632245e-05	6.138473e+00
5.411351694787751e-05	6.133402e+00
5.415593594706484e-05	6.127043e+00
5.422135070635738e-05	6.117230e+00
5.430069466871974e-05	6.105317e+00
5.439835091871975e-05	6.090640e+00
5.449600716871975e-05	6.075950e+00
5.459366341871975e-05	6.061247e+00
5.469131966871975e-05	6.046536e+00
5.478897591871976e-05	6.031818e+00
5.488663216871976e-05	6.017095e+00
5.492726755818714e-05	6.010968e+00
5.492764070526217e-05	6.010911e+00
5.492838699941225e-05	6.010799e+00
5.492903961354927e-05	6.010700e+00
5.492946033333305e-05	6.010637e+00
5.492976074437315e-05	6.010592e+00
5.493001384574518e-05	6.010553e+00
5.493070152706749e-05	6.010450e+00
5.493112674734186e-05	6.010386e+00
5.493174125456356e-05	6.010293e+00
5.493251034639715e-05	6.010177e+00
5.493351477534836e-05	6.010026e+00
5.493490224366320e-05	6.009816e+00
5.493670095339821e-05	6.009545e+00
5.493920569207170e-05	6.009168e+00
5.494253001320123e-05	6.008666e+00
5.494758423195874e-05	6.007904e+00
5.495579972196274e-05	6.006665e+00
5.497112285095380e-05	6.004354e+00
5.500176910893591e-05	5.999733e+00
5.504051884935714e-05	5.993890e+00
5.511801833019963e-05	5.982204e+00
5.521567458019963e-05	5.967481e+00
5.531333083019964e-05	5.952763e+00
5.541098708019964e-05	5.938052e+00
5.560629958019965e-05	5.908660e+00
5.570395583019965e-05	5.893984e+00
5.580161208019965e-05	5.879324e+00
5.589926833019965e-05	5.864682e+00
5.599692458019966e-05	5.850060e+00
5.609458083019966e-05	5.835461e+00
5.619223708019966e-05	5.820887e+00
5.628989333019967e-05	5.806339e+00
5.638754958019967e-05	5.791821e+00
5.643371106691641e-05	5.784969e+00
5.646377188627956e-05	5.780511e+00
5.648149396672639e-05	5.777884e+00
5.650432569662803e-05	5.774502e+00
5.652717745705972e-05	5.771118e+00
5.655211892101074e-05	5.767427e+00
5.658372826841389e-05	5.762753e+00
5.661916946897880e-05	5.757516e+00
5.667055406337115e-05	5.749933e+00
5.672586044641763e-05	5.741782e+00
5.682351669641763e-05	5.727420e+00
5.692117294641764e-05	5.713100e+00
5.701882919641764e-05	5.698823e+00
5.707123934137031e-05	5.691179e+00
5.708344637262031e-05	5.689401e+00
5.708501205999375e-05	5.689173e+00
5.708814343474063e-05	5.688716e+00
5.709026408926352e-05	5.688408e+00
5.709270920178794e-05	5.688052e+00
5.709423623711308e-05	5.687829e+00
5.709507199554156e-05	5.687707e+00
5.709584560403571e-05	5.687595e+00
5.709654423959624e-05	5.687493e+00
5.709729438017288e-05	5.687384e+00
5.709870268365389e-05	5.687179e+00
5.710075937583921e-05	5.686880e+00
5.710295941324415e-05	5.686559e+00
5.710358594837390e-05	5.686468e+00
5.710410978675854e-05	5.686392e+00
5.710471495825281e-05	5.686304e+00
5.710592530124137e-05	5.686128e+00
5.710834598721847e-05	5.685775e+00
5.711217916825583e-05	5.685217e+00
5.711984553033053e-05	5.684102e+00
5.713177934331369e-05	5.682366e+00
5.715564696928001e-05	5.678897e+00
5.719571037965423e-05	5.673080e+00
5.724700134480751e-05	5.665645e+00
5.734465759480752e-05	5.651527e+00
5.744231384480752e-05	5.637463e+00
5.753997009480752e-05	5.623452e+00
5.763762634480753e-05	5.609498e+00
5.773528259480753e-05	5.595603e+00
5.783293884480753e-05	5.581769e+00
5.793059509480753e-05	5.567998e+00
5.802825134480754e-05	5.554292e+00
5.812590759480754e-05	5.540653e+00
5.822356384480754e-05	5.527084e+00
5.832122009480755e-05	5.513585e+00
5.841887634480755e-05	5.500160e+00
5.851653259480755e-05	5.486810e+00
5.861418884480755e-05	5.473537e+00
5.871184509480756e-05	5.460344e+00
5.880950134480756e-05	5.447232e+00
5.886971685986676e-05	5.439188e+00
5.890993843958262e-05	5.433834e+00
5.895320383280979e-05	5.428090e+00
5.897424269005952e-05	5.425303e+00
5.901022673701593e-05	5.420545e+00
5.904886580023762e-05	5.415449e+00
5.910771828372903e-05	5.407715e+00
5.918568399317891e-05	5.397518e+00
5.928334024317891e-05	5.384828e+00
5.938099649317891e-05	5.372231e+00
5.947865274317891e-05	5.359728e+00
5.957630899317892e-05	5.347322e+00
5.977162149317892e-05	5.322806e+00
5.996693399317893e-05	5.298698e+00
6.006459024317893e-05	5.286801e+00
6.016224649317893e-05	5.275012e+00
6.025990274317894e-05	5.263332e+00
6.035755899317894e-05	5.251763e+00
6.045521524317894e-05	5.240307e+00
6.050766485076923e-05	5.234201e+00
6.051224248748798e-05	5.233670e+00
6.053163716374507e-05	5.231421e+00
6.053380542250924e-05	5.231170e+00
6.053681361420619e-05	5.230822e+00
6.053918748594230e-05	5.230547e+00
6.054164865182759e-05	5.230263e+00
6.054320147313338e-05	5.230083e+00
6.054395188347263e-05	5.229996e+00
6.054469647215970e-05	5.229910e+00
6.054543414714855e-05	5.229825e+00
6.054621047605229e-05	5.229735e+00
6.054756754664858e-05	5.229578e+00
6.054991286689193e-05	5.229307e+00
6.055184274261305e-05	5.229084e+00
6.055244800041065e-05	5.229014e+00
6.055293630665164e-05	5.228958e+00
6.055350823222650e-05	5.228891e+00
6.055465208337623e-05	5.228759e+00
6.055640368841993e-05	5.228557e+00
6.055913680992836e-05	5.228241e+00
6.056436250492783e-05	5.227638e+00
6.057140059978661e-05	5.226826e+00
6.058547678950415e-05	5.225204e+00
6.061098822432380e-05	5.222270e+00
6.065468378855410e-05	5.217264e+00
6.072571435288048e-05	5.209177e+00
6.081479417847311e-05	5.199123e+00
6.091245042847311e-05	5.188217e+00
6.101010667847312e-05	5.177433e+00
6.110776292847312e-05	5.166773e+00
6.120541917847312e-05	5.156239e+00
6.130307542847312e-05	5.145832e+00
6.134920552829638e-05	5.140960e+00
6.138126300968684e-05	5.137591e+00
6.139890817876672e-05	5.135744e+00
6.142221833858554e-05	5.133308e+00
6.144713090667582e-05	5.130714e+00
6.147315859361289e-05	5.128014e+00
6.150816835344453e-05	5.124395e+00
6.150877598319480e-05	5.124332e+00
6.150999124269533e-05	5.124207e+00
6.151242176169641e-05	5.123957e+00
6.151728279969856e-05	5.123456e+00
6.152530141774691e-05	5.122630e+00
6.152602409160731e-05	5.122556e+00
6.152746943932810e-05	5.122407e+00
6.153014129958300e-05	5.122132e+00
6.153257201922821e-05	5.121882e+00
6.153366973268418e-05	5.121770e+00
6.153474653472969e-05	5.121659e+00
6.153560701089835e-05	5.121571e+00
6.153652034092268e-05	5.121477e+00
6.153790818961808e-05	5.121335e+00
6.154068388700887e-05	5.121049e+00
6.154112571828229e-05	5.121004e+00
6.154165741305799e-05	5.120949e+00
6.154210414000932e-05	5.120903e+00
6.154240609262108e-05	5.120872e+00
6.154345164671851e-05	5.120765e+00
6.154539487399854e-05	5.120566e+00
6.154708437039533e-05	5.120393e+00
6.154945298651402e-05	5.120150e+00
6.155322194078132e-05	5.119763e+00
6.155824188744388e-05	5.119249e+00
6.156724655269222e-05	5.118327e+00
6.158309854235740e-05	5.116707e+00
6.161480252168779e-05	5.113478e+00
6.165417258306704e-05	5.109488e+00
6.173291270582552e-05	5.101573e+00
6.183056895582552e-05	5.091878e+00
6.192822520582553e-05	5.082321e+00
6.202588145582553e-05	5.072901e+00
6.212353770582553e-05	5.063622e+00
6.222119395582553e-05	5.054482e+00
6.231885020582554e-05	5.045486e+00
6.241650645582554e-05	5.036633e+00
6.251416270582554e-05	5.027926e+00
6.261181895582555e-05	5.019365e+00
6.270947520582555e-05	5.010951e+00
6.280713145582555e-05	5.002687e+00
6.290478770582555e-05	4.994572e+00
6.300244395582556e-05	4.986609e+00
6.310010020582556e-05	4.978799e+00
6.319775645582556e-05	4.971142e+00
6.329541270582557e-05	4.963641e+00
6.339306895582557e-05	4.956295e+00
6.349072520582557e-05	4.949107e+00
6.358838145582557e-05	4.942076e+00
6.368603770582558e-05	4.935205e+00
6.378369395582558e-05	4.928495e+00
6.383233635204964e-05	4.925213e+00
6.388267344948747e-05	4.921858e+00
6.390483494541340e-05	4.920395e+00
6.393893461234479e-05	4.918160e+00
6.398412819860978e-05	4.915229e+00
6.403996824587541e-05	4.911655e+00
6.413762449587541e-05	4.905534e+00
6.423528074587541e-05	4.899578e+00
6.433293699587541e-05	4.893787e+00
6.443059324587542e-05	4.888164e+00
6.452824949587542e-05	4.882707e+00
6.472356199587542e-05	4.872300e+00
6.491887449587543e-05	4.862572e+00
6.501653074587543e-05	4.857965e+00
6.511418699587544e-05	4.853529e+00
6.521184324587544e-05	4.849266e+00
6.530949949587544e-05	4.845177e+00
6.540715574587544e-05	4.841261e+00
6.550481199587545e-05	4.837520e+00
6.560246824587545e-05	4.833954e+00
6.570012449587545e-05	4.830564e+00
6.579778074587546e-05	4.827349e+00
6.589543699587546e-05	4.824312e+00
6.592615612093553e-05	4.823392e+00
6.592622265313521e-05	4.823390e+00
6.592684362033214e-05	4.823372e+00
6.592755329712863e-05	4.823351e+00
6.592897265072161e-05	4.823309e+00
6.592998719780481e-05	4.823279e+00
6.593055035394403e-05	4.823263e+00
6.593111469983836e-05	4.823246e+00
6.593175106492599e-05	4.823227e+00
6.593281916493141e-05	4.823195e+00
6.593460626201879e-05	4.823143e+00
6.593768898336391e-05	4.823052e+00
6.593794128484762e-05	4.823045e+00
6.593844588781505e-05	4.823030e+00
6.593878107753337e-05	4.823020e+00
6.593911632654156e-05	4.823010e+00
6.593947279788931e-05	4.822999e+00
6.594018574058480e-05	4.822978e+00
6.594454626465831e-05	4.822851e+00
6.595256726439825e-05	4.822617e+00
6.596038634309982e-05	4.822389e+00
6.597376013965242e-05	4.822003e+00
6.600050773275762e-05	4.821241e+00
6.603981122912111e-05	4.820145e+00
6.610055806303699e-05	4.818508e+00
6.613396809749454e-05	4.817637e+00
6.614232060610893e-05	4.817422e+00
6.615902562333771e-05	4.816998e+00
6.616543441608591e-05	4.816836e+00
6.616551535929132e-05	4.816833e+00
6.616567724570215e-05	4.816830e+00
6.616600101852378e-05	4.816822e+00
6.616653779840378e-05	4.816808e+00
6.616723028770726e-05	4.816791e+00
6.616799734753860e-05	4.816772e+00
6.616929232903292e-05	4.816739e+00
6.617188229202159e-05	4.816674e+00
6.617379249163431e-05	4.816626e+00
6.617441688044708e-05	4.816610e+00
6.617490756131009e-05	4.816598e+00
6.617548058271507e-05	4.816584e+00
6.617662662552505e-05	4.816555e+00
6.618232702705725e-05	4.816413e+00
6.618587175478159e-05	4.816325e+00
6.619144447229862e-05	4.816187e+00
6.620042907518339e-05	4.815966e+00
6.621809300234497e-05	4.815536e+00
6.624061145425088e-05	4.814996e+00
6.626434353460417e-05	4.814437e+00
6.628155363155984e-05	4.814039e+00
6.630797919281609e-05	4.813438e+00
6.633517200645497e-05	4.812833e+00
6.636094791512188e-05	4.812272e+00
6.638859894055361e-05	4.811685e+00
6.642416421608297e-05	4.810950e+00
6.648491701725213e-05	4.809750e+00
6.654077180926659e-05	4.808707e+00
6.663842805926659e-05	4.807026e+00
6.673608430926659e-05	4.805525e+00
6.683374055926659e-05	4.804204e+00
6.693139680926660e-05	4.803062e+00
6.702905305926660e-05	4.802101e+00
6.712670930926660e-05	4.801320e+00
6.722436555926661e-05	4.800720e+00
6.732202180926661e-05	4.800300e+00
6.741967805926661e-05	4.800061e+00
6.751733430926661e-05	4.800003e+00
6.761499055926662e-05	4.800125e+00
6.771264680926662e-05	4.800428e+00
6.781030305926662e-05	4.800912e+00
6.790795930926663e-05	4.801577e+00
6.800561555926663e-05	4.802422e+00
6.810327180926663e-05	4.803447e+00
6.820092805926663e-05	4.804652e+00
6.829858430926664e-05	4.806037e+00
6.839624055926664e-05	4.807602e+00
6.849389680926664e-05	4.809347e+00
6.859155305926665e-05	4.811272e+00
6.868920930926665e-05	4.813375e+00
6.873751716446742e-05	4.814481e+00
6.878167893600954e-05	4.815531e+00
6.880469497011173e-05	4.816092e+00
6.883485536664683e-05	4.816843e+00
6.887993402088932e-05	4.817997e+00
6.892607356253777e-05	4.819217e+00
6.900351370115405e-05	4.821355e+00
6.908459229299327e-05	4.823712e+00
6.918224854299328e-05	4.826714e+00
6.927990479299328e-05	4.829892e+00
6.937756104299328e-05	4.833246e+00
6.947521729299329e-05	4.836776e+00
6.967052979299329e-05	4.844362e+00
6.976818604299329e-05	4.848416e+00
6.986584229299330e-05	4.852643e+00
6.996349854299330e-05	4.857043e+00
7.006115479299330e-05	4.861616e+00
7.015881104299331e-05	4.866359e+00
7.025646729299331e-05	4.871274e+00
7.035412354299331e-05	4.876358e+00
7.045177979299331e-05	4.881612e+00
7.054943604299332e-05	4.887034e+00
7.064709229299332e-05	4.892624e+00
7.069950346060686e-05	4.895692e+00
7.070102933951310e-05	4.895782e+00
7.070408109732561e-05	4.895963e+00
7.071018461295061e-05	4.896324e+00
7.072048742095341e-05	4.896935e+00
7.072141287279303e-05	4.896989e+00
7.072326377647227e-05	4.897099e+00
7.072583610066150e-05	4.897253e+00
7.072786530466874e-05	4.897373e+00
7.072996928805923e-05	4.897498e+00
7.073129962335239e-05	4.897578e+00
7.073238329638312e-05	4.897642e+00
7.073295306209061e-05	4.897676e+00
7.073351939964942e-05	4.897710e+00
7.073408582096892e-05	4.897744e+00
7.073507831974643e-05	4.897803e+00
7.073641154719852e-05	4.897882e+00
7.073847611509260e-05	4.898005e+00
7.074010509881206e-05	4.898103e+00
7.074068007348623e-05	4.898137e+00
7.074134296169036e-05	4.898177e+00
7.074186834408776e-05	4.898208e+00
7.074241886329487e-05	4.898241e+00
7.074339727337253e-05	4.898299e+00
7.074592571217784e-05	4.898450e+00
7.075045061203236e-05	4.898721e+00
7.075948777818481e-05	4.899263e+00
7.076848357881695e-05	4.899805e+00
7.078573041873928e-05	4.900846e+00
7.082022409858393e-05	4.902943e+00
7.086241659841241e-05	4.905537e+00
7.094437070330727e-05	4.910662e+00
7.104202695330728e-05	4.916921e+00
7.113968320330728e-05	4.923343e+00
7.118576936018507e-05	4.926430e+00
7.120893716552918e-05	4.927995e+00
7.120921535645625e-05	4.928014e+00
7.120977173831038e-05	4.928052e+00
7.121055255909711e-05	4.928105e+00
7.121146501046352e-05	4.928166e+00
7.121251846461947e-05	4.928238e+00
7.121462537293138e-05	4.928381e+00
7.121692928271425e-05	4.928537e+00
7.121753466945288e-05	4.928578e+00
7.121808456145809e-05	4.928616e+00
7.121870192653275e-05	4.928658e+00
7.121946979115902e-05	4.928710e+00
7.122132896437491e-05	4.928836e+00
7.122397731463134e-05	4.929017e+00
7.122800383400179e-05	4.929290e+00
7.123562123808591e-05	4.929810e+00
7.124288510897708e-05	4.930305e+00
7.125571903362868e-05	4.931184e+00
7.128138688293188e-05	4.932949e+00
7.131861607945125e-05	4.935529e+00
7.135934087801647e-05	4.938378e+00
7.141362642047950e-05	4.942219e+00
7.148556756752408e-05	4.947385e+00
7.158322381752408e-05	4.954535e+00
7.168088006752408e-05	4.961843e+00
7.177853631752409e-05	4.969306e+00
7.187619256752409e-05	4.976926e+00
7.197384881752409e-05	4.984699e+00
7.207150506752409e-05	4.992625e+00
7.216916131752410e-05	5.000703e+00
7.226681756752410e-05	5.008931e+00
7.236447381752410e-05	5.017309e+00
7.246213006752411e-05	5.025834e+00
7.255978631752411e-05	5.034506e+00
7.265744256752411e-05	5.043324e+00
7.275509881752411e-05	5.052286e+00
7.285275506752412e-05	5.061390e+00
7.295041131752412e-05	5.070636e+00
7.304806756752412e-05	5.080021e+00
7.314572381752412e-05	5.089546e+00
7.324338006752413e-05	5.099207e+00
7.334103631752413e-05	5.109004e+00
7.343869256752413e-05	5.118935e+00
7.353634881752414e-05	5.128999e+00
7.361822720810560e-05	5.137538e+00
7.366380503780110e-05	5.142331e+00
7.371128225202859e-05	5.147354e+00
7.373079593475036e-05	5.149426e+00
7.376720595178347e-05	5.153308e+00
7.380862984528984e-05	5.157746e+00
7.386610559939379e-05	5.163942e+00
7.396289371696691e-05	5.174473e+00
7.406051680910763e-05	5.185219e+00
7.415817305910763e-05	5.196092e+00
7.425582930910763e-05	5.207085e+00
7.435348555910764e-05	5.218198e+00
7.454879805910764e-05	5.240776e+00
7.474411055910765e-05	5.263810e+00
7.484176680910765e-05	5.275495e+00
7.493942305910765e-05	5.287288e+00
7.503707930910765e-05	5.299189e+00
7.513473555910766e-05	5.311195e+00
7.518714501292809e-05	5.317682e+00
7.518867089183434e-05	5.317871e+00
7.519172264964685e-05	5.318250e+00
7.519782616527185e-05	5.319007e+00
7.520476722007383e-05	5.319870e+00
7.520848243902057e-05	5.320331e+00
7.521056843797355e-05	5.320590e+00
7.521172954264188e-05	5.320735e+00
7.521266955278986e-05	5.320851e+00
7.521363573653895e-05	5.320971e+00
7.521494814953123e-05	5.321135e+00
7.521631442080514e-05	5.321305e+00
7.521904696335295e-05	5.321645e+00
7.521913144273200e-05	5.321655e+00
7.521930040149009e-05	5.321676e+00
7.521956024077605e-05	5.321708e+00
7.521983423164760e-05	5.321743e+00
7.522008881594490e-05	5.321774e+00
7.522036743307199e-05	5.321809e+00
7.522203913583458e-05	5.322017e+00
7.522419539140887e-05	5.322285e+00
7.522850790255745e-05	5.322822e+00
7.523589203057866e-05	5.323741e+00
7.525066028662107e-05	5.325583e+00
7.527267970115276e-05	5.328331e+00
7.531671853021614e-05	5.333845e+00
7.537109112294852e-05	5.340680e+00
7.546874737294853e-05	5.353034e+00
7.556640362294853e-05	5.365485e+00
7.566405987294853e-05	5.378031e+00
7.576171612294853e-05	5.390672e+00
7.585937237294854e-05	5.403404e+00
7.595702862294854e-05	5.416225e+00
7.605468487294854e-05	5.429135e+00
7.610072689785301e-05	5.435252e+00
7.613346867141332e-05	5.439613e+00
7.615111693516742e-05	5.441968e+00
7.617462195636771e-05	5.445108e+00
7.620275726118579e-05	5.448874e+00
7.622859333573528e-05	5.452337e+00
7.626572089562366e-05	5.457325e+00
7.630614330583123e-05	5.462769e+00
7.636850937951590e-05	5.471194e+00
7.643458623193524e-05	5.480157e+00
7.653224248193524e-05	5.493468e+00
7.658174849246388e-05	5.500246e+00
7.658204737763414e-05	5.500287e+00
7.658324291831519e-05	5.500451e+00
7.658483697255658e-05	5.500669e+00
7.658802508103937e-05	5.501106e+00
7.659244332243001e-05	5.501712e+00
7.659592988361768e-05	5.502191e+00
7.659791837275977e-05	5.502464e+00
7.659891179483289e-05	5.502600e+00
7.659987581725806e-05	5.502732e+00
7.660076800441952e-05	5.502855e+00
7.660217023443809e-05	5.503047e+00
7.660351790421012e-05	5.503232e+00
7.660621324375418e-05	5.503602e+00
7.660629891289586e-05	5.503614e+00
7.660647025117924e-05	5.503637e+00
7.660673246238087e-05	5.503674e+00
7.660700729604721e-05	5.503711e+00
7.660726795244641e-05	5.503747e+00
7.660754811955108e-05	5.503786e+00
7.660810845376041e-05	5.503862e+00
7.660922912217907e-05	5.504016e+00
7.661147045901639e-05	5.504324e+00
7.661595313269103e-05	5.504940e+00
7.662403633866757e-05	5.506050e+00
7.664020275062064e-05	5.508273e+00
7.666429527733811e-05	5.511590e+00
7.671083031312666e-05	5.518007e+00
7.677485308183019e-05	5.526865e+00
7.687250933183019e-05	5.540433e+00
7.697016558183019e-05	5.554070e+00
7.706782183183020e-05	5.567776e+00
7.716547808183020e-05	5.581545e+00
7.726313433183020e-05	5.595378e+00
7.736079058183020e-05	5.609272e+00
7.745844683183021e-05	5.623225e+00
7.755610308183021e-05	5.637235e+00
7.765375933183021e-05	5.651299e+00
7.775141558183021e-05	5.665416e+00
7.784907183183022e-05	5.679583e+00
7.794672808183022e-05	5.693798e+00
7.804438433183022e-05	5.708059e+00
7.814204058183023e-05	5.722365e+00
7.823969683183023e-05	5.736712e+00
7.833735308183023e-05	5.751099e+00
7.843500933183023e-05	5.765523e+00
7.853266558183024e-05	5.779983e+00
7.858132917586227e-05	5.787201e+00
7.863171555894756e-05	5.794683e+00
7.865356331331461e-05	5.797929e+00
7.868822106710565e-05	5.803083e+00
7.873333379827806e-05	5.809797e+00
7.879032835196778e-05	5.818287e+00
7.888798460196778e-05	5.832857e+00
7.898564085196778e-05	5.847452e+00
7.908329710196779e-05	5.862070e+00
7.918095335196779e-05	5.876709e+00
7.927860960196779e-05	5.891366e+00
7.937626585196779e-05	5.906039e+00
7.947392210196780e-05	5.920727e+00
7.952316863222490e-05	5.928139e+00
7.952774626894365e-05	5.928828e+00
7.953268285026362e-05	5.929571e+00
7.953761943158359e-05	5.930314e+00
7.954255601290356e-05	5.931057e+00
7.954749259422354e-05	5.931800e+00
7.955242917554351e-05	5.932543e+00
7.955736575686347e-05	5.933287e+00
7.956230233818344e-05	5.934030e+00
7.956307264947369e-05	5.934146e+00
7.956461327205418e-05	5.934378e+00
7.956618075311505e-05	5.934614e+00
7.956781644115316e-05	5.934860e+00
7.956993043725073e-05	5.935179e+00
7.957090172869357e-05	5.935325e+00
7.957168356945140e-05	5.935442e+00
7.957231525946304e-05	5.935538e+00
7.957296682974458e-05	5.935636e+00
7.957415081706804e-05	5.935814e+00
7.957651879171498e-05	5.936171e+00
7.957842777901690e-05	5.936458e+00
7.957911390332645e-05	5.936562e+00
7.957996119323016e-05	5.936689e+00
7.958034049957632e-05	5.936746e+00
7.958093852280914e-05	5.936836e+00
7.958347016072666e-05	5.937217e+00
7.958614134363037e-05	5.937620e+00
7.958978020910042e-05	5.938168e+00
7.959601683043500e-05	5.939107e+00
7.960536266684371e-05	5.940515e+00
7.962405433966113e-05	5.943330e+00
7.966143768529599e-05	5.948961e+00
7.970215743258417e-05	5.955097e+00
7.978359692716052e-05	5.967371e+00
7.988125317716053e-05	5.982094e+00
7.997890942716053e-05	5.996819e+00
7.999999999999999e-05	6.000000e+00
