time	V(vb)
0.000000000000000e+00	7.009438e+00
1.383360386833477e-09	7.007697e+00
4.150081160503820e-09	7.004025e+00
9.683522707844505e-09	6.996311e+00
1.647376763841974e-08	6.986680e+00
2.653596376035839e-08	6.972427e+00
3.790892580927494e-08	6.956521e+00
6.065484990710804e-08	6.925566e+00
8.970084825580889e-08	6.887730e+00
1.236514570665808e-07	6.845704e+00
1.575214025024880e-07	6.805590e+00
1.968973755356722e-07	6.760335e+00
2.390002134425811e-07	6.712684e+00
2.896248805816696e-07	6.655646e+00
3.476569956043657e-07	6.590056e+00
4.236585294273244e-07	6.503904e+00
4.556708013310959e-07	6.467769e+00
4.559743553664584e-07	6.467429e+00
4.565814634371869e-07	6.466749e+00
4.574941233719519e-07	6.465719e+00
4.579302470307113e-07	6.465224e+00
4.584417438634849e-07	6.464641e+00
4.587141814516363e-07	6.464329e+00
4.591120116559186e-07	6.463872e+00
4.599076720644866e-07	6.462955e+00
4.611899970857366e-07	6.461473e+00
4.626288213835271e-07	6.459803e+00
4.644661501885154e-07	6.457664e+00
4.681408077984922e-07	6.453381e+00
4.754901230184456e-07	6.444825e+00
4.901887534583526e-07	6.427784e+00
5.162676399572578e-07	6.397686e+00
5.618610770157749e-07	6.345201e+00
6.248574964472746e-07	6.272738e+00
7.225137464472740e-07	6.160520e+00
1.015482496447272e-06	5.826212e+00
1.210794996447271e-06	5.607258e+00
1.406107496447270e-06	5.394073e+00
1.601419996447269e-06	5.189740e+00
1.699076246447268e-06	5.091943e+00
1.796732496447268e-06	4.998853e+00
1.894388746447267e-06	4.915221e+00
1.992044996447266e-06	4.848954e+00
2.089701246447266e-06	4.809339e+00
2.187357496447265e-06	4.805571e+00
2.285013746447265e-06	4.840351e+00
2.340930067715797e-06	4.880803e+00
2.376523435853413e-06	4.916634e+00
2.413485384775296e-06	4.958851e+00
2.427993909361645e-06	4.976042e+00
2.450245455370508e-06	5.002682e+00
2.475337985982781e-06	5.032732e+00
2.506103116921177e-06	5.069547e+00
2.550687202946208e-06	5.122859e+00
2.596939657796638e-06	5.178158e+00
2.689444567497498e-06	5.288805e+00
2.773297943146844e-06	5.389143e+00
2.870954193146844e-06	5.505962e+00
2.968610443146843e-06	5.622618e+00
3.066266693146842e-06	5.738985e+00
3.163922943146842e-06	5.854942e+00
3.261579193146841e-06	5.970339e+00
3.359235443146841e-06	6.084966e+00
3.456891693146840e-06	6.198535e+00
3.554547943146839e-06	6.310710e+00
3.652204193146839e-06	6.421423e+00
3.701928854777497e-06	6.477197e+00
3.706506491496247e-06	6.482283e+00
3.712610007121246e-06	6.489051e+00
3.722285535541872e-06	6.499606e+00
3.728093429769796e-06	6.505656e+00
3.730942452495416e-06	6.508561e+00
3.733201502192698e-06	6.510953e+00
3.734627389662214e-06	6.512518e+00
3.736349625806689e-06	6.514435e+00
3.738369754748216e-06	6.516698e+00
3.738969609054227e-06	6.517372e+00
3.739465591245641e-06	6.517931e+00
3.740030200485086e-06	6.518567e+00
3.741159418963975e-06	6.519839e+00
3.742381353898773e-06	6.521217e+00
3.744515062183428e-06	6.523623e+00
3.747379111464897e-06	6.526847e+00
3.751712952081976e-06	6.531712e+00
3.758138535728205e-06	6.538885e+00
3.770068442214308e-06	6.552094e+00
3.792340519886574e-06	6.576485e+00
3.836884675231108e-06	6.624653e+00
3.896402961130431e-06	6.687948e+00
3.994059211130430e-06	6.789520e+00
4.091715461130430e-06	6.888222e+00
4.189371711130429e-06	6.982577e+00
4.287027961130429e-06	7.068727e+00
4.384684211130428e-06	7.139825e+00
4.482340461130427e-06	7.187829e+00
4.579996711130427e-06	7.205396e+00
4.677652961130426e-06	7.186891e+00
4.775309211130426e-06	7.133396e+00
4.826180842752070e-06	7.089681e+00
4.865036226839784e-06	7.048316e+00
4.892472149019866e-06	7.017218e+00
4.925572617366529e-06	6.979171e+00
4.960452879660355e-06	6.938962e+00
5.006468949848875e-06	6.885870e+00
5.078848112895523e-06	6.802331e+00
5.150658549719304e-06	6.719404e+00
5.248314799719303e-06	6.606572e+00
5.298361504706079e-06	6.548736e+00
5.299887383612329e-06	6.546972e+00
5.302939141424829e-06	6.543445e+00
5.309042657049828e-06	6.536392e+00
5.319874729796833e-06	6.523986e+00
5.341538875290848e-06	6.499452e+00
5.349621345981755e-06	6.490198e+00
5.354836018123920e-06	6.484082e+00
5.355116845585920e-06	6.483750e+00
5.355678500509915e-06	6.483088e+00
5.356008376224143e-06	6.482699e+00
5.356300293476552e-06	6.482355e+00
5.356610174194263e-06	6.481989e+00
5.357118350375710e-06	6.481390e+00
5.359286338578291e-06	6.478838e+00
5.361454326780872e-06	6.476288e+00
5.363622314983454e-06	6.473742e+00
5.365790303186035e-06	6.471200e+00
5.367958291388617e-06	6.468661e+00
5.370126279591197e-06	6.466126e+00
5.372294267793779e-06	6.463595e+00
5.379702876542394e-06	6.454964e+00
5.392642750853479e-06	6.439944e+00
5.418522499475650e-06	6.410002e+00
5.457419756205010e-06	6.365106e+00
5.535214269663729e-06	6.275479e+00
5.730526769663728e-06	6.051245e+00
5.828183019663727e-06	5.939753e+00
6.023495519663726e-06	5.718830e+00
6.218808019663725e-06	5.502338e+00
6.414120519663724e-06	5.293071e+00
6.511776769663723e-06	5.192142e+00
6.609433019663723e-06	5.094261e+00
6.707089269663722e-06	5.001031e+00
6.804745519663721e-06	4.917122e+00
6.902401769663721e-06	4.850379e+00
7.000058019663720e-06	4.810068e+00
7.097714269663720e-06	4.805404e+00
7.195370519663719e-06	4.839220e+00
7.252102088871920e-06	4.879747e+00
7.288330170553440e-06	4.916001e+00
7.325458389680585e-06	4.958338e+00
7.339700540884700e-06	4.975210e+00
7.362212141234021e-06	5.002162e+00
7.387303670809661e-06	5.032212e+00
7.417308893822864e-06	5.068119e+00
7.459881371986731e-06	5.119025e+00
7.505248272187328e-06	5.173264e+00
7.585006654313056e-06	5.268657e+00
7.667322816684286e-06	5.367155e+00
7.764979066684285e-06	5.483991e+00
7.862635316684285e-06	5.600687e+00
7.960291566684284e-06	5.717117e+00
8.057947816684283e-06	5.833161e+00
8.155604066684283e-06	5.948677e+00
8.253260316684282e-06	6.063468e+00
8.350916566684282e-06	6.177261e+00
8.448572816684281e-06	6.289723e+00
8.546229066684280e-06	6.400764e+00
8.598639203928904e-06	6.459738e+00
8.600165082835154e-06	6.461442e+00
8.603216840647653e-06	6.464841e+00
8.609320356272653e-06	6.471632e+00
8.618294026762991e-06	6.481598e+00
8.633281287288204e-06	6.498026e+00
8.644066739260413e-06	6.509511e+00
8.644134213955647e-06	6.509579e+00
8.644269163346116e-06	6.509714e+00
8.644539062127056e-06	6.509984e+00
8.644748850331046e-06	6.510197e+00
8.644987914408540e-06	6.510441e+00
8.645466042563525e-06	6.510937e+00
8.646176941459292e-06	6.511686e+00
8.647598739250830e-06	6.513216e+00
8.650017194044681e-06	6.515868e+00
8.651688675897748e-06	6.517724e+00
8.652420183569770e-06	6.518541e+00
8.653238227417695e-06	6.519458e+00
8.653598771314005e-06	6.519863e+00
8.654177973687425e-06	6.520514e+00
8.655157497498334e-06	6.521616e+00
8.656151300544738e-06	6.522735e+00
8.657990472930387e-06	6.524805e+00
8.660215354563926e-06	6.527308e+00
8.663591702355967e-06	6.531100e+00
8.668333068009824e-06	6.536407e+00
8.676206508334663e-06	6.545165e+00
8.690143138374319e-06	6.560531e+00
8.718016398453630e-06	6.590945e+00
8.757090803750177e-06	6.633020e+00
8.835239614343272e-06	6.715681e+00
8.932895864343272e-06	6.816570e+00
9.030552114343271e-06	6.914340e+00
9.128208364343271e-06	7.007239e+00
9.225864614343270e-06	7.090561e+00
9.323520864343269e-06	7.156810e+00
9.421177114343269e-06	7.197947e+00
9.518833364343268e-06	7.207014e+00
9.616489614343268e-06	7.178996e+00
9.714145864343267e-06	7.116193e+00
9.762690554421021e-06	7.070623e+00
9.812853912311314e-06	7.014892e+00
9.835854413730244e-06	6.988468e+00
9.868196960446811e-06	6.951149e+00
9.913379304918398e-06	6.899006e+00
9.965436828390111e-06	6.838920e+00
1.006309307839011e-05	6.726157e+00
1.015358333224706e-05	6.621615e+00
1.025123958224706e-05	6.509007e+00
1.028310199530893e-05	6.472586e+00
1.028332746045865e-05	6.472331e+00
1.028377839075808e-05	6.471823e+00
1.028468025135693e-05	6.470797e+00
1.028610179662559e-05	6.469165e+00
1.028719580740064e-05	6.467900e+00
1.028772047956965e-05	6.467290e+00
1.028829812361002e-05	6.466617e+00
1.028909120122520e-05	6.465690e+00
1.029001180982005e-05	6.464612e+00
1.029095206614169e-05	6.463510e+00
1.029277805866639e-05	6.461367e+00
1.029513427438257e-05	6.458599e+00
1.029887159261787e-05	6.454210e+00
1.030435748590467e-05	6.447782e+00
1.031367138093169e-05	6.436910e+00
1.033044105279711e-05	6.417433e+00
1.036398039652795e-05	6.378641e+00
1.040374433359066e-05	6.332771e+00
1.048327220771608e-05	6.241209e+00
1.058092845771607e-05	6.129020e+00
1.067858470771608e-05	6.017194e+00
1.077624095771608e-05	5.905871e+00
1.097155345771609e-05	5.685478e+00
1.116686595771609e-05	5.469888e+00
1.136217845771610e-05	5.262004e+00
1.145983470771610e-05	5.161958e+00
1.155749095771610e-05	5.065323e+00
1.165514720771611e-05	4.974468e+00
1.175280345771611e-05	4.895069e+00
1.185045970771611e-05	4.835618e+00
1.194811595771611e-05	4.805527e+00
1.204577220771612e-05	4.813751e+00
1.214342845771612e-05	4.861500e+00
1.219071590062789e-05	4.901849e+00
1.222008478422174e-05	4.934068e+00
1.223962359382090e-05	4.957065e+00
1.226392788784068e-05	4.986084e+00
1.228628811739142e-05	5.012862e+00
1.231092670422796e-05	5.042364e+00
1.234219763540282e-05	5.079773e+00
1.237756344427804e-05	5.122054e+00
1.242901098581828e-05	5.183556e+00
1.248473749155484e-05	5.250203e+00
1.258239374155485e-05	5.367054e+00
1.268004999155485e-05	5.483888e+00
1.277770624155485e-05	5.600584e+00
1.287536249155485e-05	5.717015e+00
1.297301874155486e-05	5.833060e+00
1.307067499155486e-05	5.948577e+00
1.316833124155486e-05	6.063369e+00
1.326598749155487e-05	6.177162e+00
1.336364374155487e-05	6.289626e+00
1.346129999155487e-05	6.400669e+00
1.351371230919645e-05	6.459646e+00
1.351828994591520e-05	6.464749e+00
1.352439346154020e-05	6.471539e+00
1.353592716978509e-05	6.484350e+00
1.354417163129783e-05	6.493370e+00
1.355881111915120e-05	6.509025e+00
1.355894190010169e-05	6.509161e+00
1.355920346200267e-05	6.509429e+00
1.355972658580463e-05	6.509972e+00
1.356009994300491e-05	6.510364e+00
1.356043819707278e-05	6.510721e+00
1.356076330208775e-05	6.511067e+00
1.356111182864741e-05	6.511442e+00
1.356180888176674e-05	6.512196e+00
1.356254526650404e-05	6.513000e+00
1.356353265734343e-05	6.514087e+00
1.356550743902220e-05	6.516283e+00
1.356849786788243e-05	6.519628e+00
1.356921570785178e-05	6.520434e+00
1.356985648870158e-05	6.521155e+00
1.357056552714392e-05	6.521953e+00
1.357158081626266e-05	6.523096e+00
1.357403117035279e-05	6.525852e+00
1.357775358900654e-05	6.530033e+00
1.358458454536682e-05	6.537669e+00
1.359083135953822e-05	6.544611e+00
1.360153719850221e-05	6.556425e+00
1.362248490549407e-05	6.579326e+00
1.366438031947778e-05	6.624576e+00
1.373235288405884e-05	6.696760e+00
1.383000913405884e-05	6.798136e+00
1.392766538405884e-05	6.896558e+00
1.402532163405885e-05	6.990499e+00
1.412297788405885e-05	7.075831e+00
1.422063413405885e-05	7.145480e+00
1.431829038405885e-05	7.191393e+00
1.441594663405886e-05	7.206343e+00
1.451360288405886e-05	7.184855e+00
1.461125913405886e-05	7.128302e+00
1.466025136719943e-05	7.084677e+00
1.469989431721036e-05	7.041558e+00
1.472360869953732e-05	7.014463e+00
1.475328443076245e-05	6.980287e+00
1.479530951476965e-05	6.931814e+00
1.483774934686541e-05	6.882844e+00
1.490487380271038e-05	6.805371e+00
1.497643853252458e-05	6.722728e+00
1.507409478252458e-05	6.609899e+00
1.508034705730033e-05	6.602673e+00
1.509285160685183e-05	6.588220e+00
1.511786070595483e-05	6.559317e+00
1.514781422355236e-05	6.524702e+00
1.516729149676111e-05	6.502198e+00
1.516827919111332e-05	6.501102e+00
1.517025457981776e-05	6.499078e+00
1.517156752416976e-05	6.497783e+00
1.517311806308074e-05	6.496190e+00
1.517532246802530e-05	6.493787e+00
1.517647965742057e-05	6.492484e+00
1.517714795404296e-05	6.491719e+00
1.517774946427309e-05	6.491024e+00
1.517848632747556e-05	6.490169e+00
1.517923230080852e-05	6.489299e+00
1.518072424747446e-05	6.487551e+00
1.518295659165688e-05	6.484925e+00
1.518470392257976e-05	6.482863e+00
1.518536229404342e-05	6.482086e+00
1.518585052928169e-05	6.481508e+00
1.518639377812846e-05	6.480866e+00
1.518748027582200e-05	6.479582e+00
1.519027831033257e-05	6.476275e+00
1.519256195388444e-05	6.473580e+00
1.519562178605290e-05	6.469976e+00
1.520739130831983e-05	6.456183e+00
1.522058694580213e-05	6.440824e+00
1.524660537966337e-05	6.410682e+00
1.528663681515945e-05	6.364461e+00
1.536669968615160e-05	6.272221e+00
1.546435593615160e-05	6.159946e+00
1.556201218615160e-05	6.048006e+00
1.565966843615160e-05	5.936529e+00
1.585498093615161e-05	5.715655e+00
1.605029343615162e-05	5.499246e+00
1.624560593615162e-05	5.290108e+00
1.634326218615162e-05	5.189260e+00
1.644091843615163e-05	5.091479e+00
1.653857468615163e-05	4.998418e+00
1.663623093615163e-05	4.914842e+00
1.673388718615163e-05	4.848671e+00
1.683154343615164e-05	4.809196e+00
1.692919968615164e-05	4.805609e+00
1.702685593615164e-05	4.840582e+00
1.708261323163235e-05	4.881021e+00
1.711807810224006e-05	4.916766e+00
1.715500575848090e-05	4.958961e+00
1.716986128909100e-05	4.976565e+00
1.719189542142522e-05	5.002945e+00
1.721710162594841e-05	5.033132e+00
1.724798971870732e-05	5.070093e+00
1.729766879778096e-05	5.129495e+00
1.734259325572053e-05	5.183207e+00
1.743244217159965e-05	5.290679e+00
1.751884235920800e-05	5.394065e+00
1.761649860920801e-05	5.510880e+00
1.771415485920801e-05	5.627526e+00
1.781181110920801e-05	5.743879e+00
1.790946735920802e-05	5.859816e+00
1.800712360920802e-05	5.975185e+00
1.810477985920802e-05	6.089774e+00
1.820243610920802e-05	6.203291e+00
1.830009235920803e-05	6.315401e+00
1.839774860920803e-05	6.426022e+00
1.845014662395965e-05	6.484691e+00
1.846235365520964e-05	6.498069e+00
1.847193168878717e-05	6.508218e+00
1.847199282360385e-05	6.508280e+00
1.847211509323722e-05	6.508400e+00
1.847226305301524e-05	6.508547e+00
1.847245173541735e-05	6.508736e+00
1.847265687857962e-05	6.508942e+00
1.847286141425343e-05	6.509149e+00
1.847324405414611e-05	6.509542e+00
1.847380716933979e-05	6.510128e+00
1.847442210970720e-05	6.510778e+00
1.847565199044202e-05	6.512105e+00
1.847795399314509e-05	6.514630e+00
1.847998698158643e-05	6.516887e+00
1.848071256897084e-05	6.517699e+00
1.848160471206843e-05	6.518701e+00
1.848197577569077e-05	6.519117e+00
1.848259603063051e-05	6.519815e+00
1.848383654050998e-05	6.521212e+00
1.848631683699515e-05	6.524004e+00
1.849127742996548e-05	6.529577e+00
1.849956400295826e-05	6.538832e+00
1.851613714894384e-05	6.557163e+00
1.854106073008846e-05	6.584407e+00
1.858587801239446e-05	6.632709e+00
1.866202788028898e-05	6.713317e+00
1.875968413028899e-05	6.814262e+00
1.885734038028899e-05	6.912117e+00
1.895499663028899e-05	7.005157e+00
1.905265288028900e-05	7.088748e+00
1.915030913028900e-05	7.155441e+00
1.924796538028900e-05	7.197195e+00
1.934562163028900e-05	7.207015e+00
1.944327788028901e-05	7.179826e+00
1.954093413028901e-05	7.117803e+00
1.958945417729873e-05	7.072496e+00
1.963956034491369e-05	7.016901e+00
1.966274906572199e-05	6.990265e+00
1.969459356546721e-05	6.953522e+00
1.973974009660775e-05	6.901420e+00
1.979061643633263e-05	6.842700e+00
1.987835563272673e-05	6.741395e+00
1.996847671286948e-05	6.637283e+00
2.006613296286948e-05	6.524642e+00
2.010756265967555e-05	6.477153e+00
2.010798195136994e-05	6.476676e+00
2.010882053475870e-05	6.475720e+00
2.010934566516309e-05	6.475119e+00
2.010967623126380e-05	6.474739e+00
2.011013153430632e-05	6.474214e+00
2.011071776088330e-05	6.473535e+00
2.011143204480867e-05	6.472705e+00
2.011263493347465e-05	6.471304e+00
2.011479292487947e-05	6.468780e+00
2.011910890768910e-05	6.463722e+00
2.012556510062899e-05	6.456161e+00
2.013847748650876e-05	6.441097e+00
2.015719474975672e-05	6.419373e+00
2.019462927625262e-05	6.376102e+00
2.024050678164595e-05	6.323199e+00
2.033226179243262e-05	6.217597e+00
2.052757429243263e-05	5.993738e+00
2.072288679243263e-05	5.772064e+00
2.091819929243264e-05	5.554273e+00
2.111351179243264e-05	5.342962e+00
2.121116804243265e-05	5.240726e+00
2.130882429243265e-05	5.141315e+00
2.140648054243265e-05	5.045682e+00
2.150413679243266e-05	4.956904e+00
2.160179304243266e-05	4.881348e+00
2.169944929243266e-05	4.827794e+00
2.179710554243266e-05	4.805655e+00
2.189476179243267e-05	4.823481e+00
2.199241804243267e-05	4.880939e+00
2.203836518381453e-05	4.923731e+00
2.207370617935422e-05	4.963951e+00
2.209117545096942e-05	4.984752e+00
2.211521343102252e-05	5.013557e+00
2.214266696260845e-05	5.046441e+00
2.217126856665054e-05	5.080665e+00
2.221200414981538e-05	5.129372e+00
2.225662837642066e-05	5.182723e+00
2.232884897901400e-05	5.269098e+00
2.240435365283499e-05	5.359442e+00
2.250200990283500e-05	5.476278e+00
2.259966615283500e-05	5.592983e+00
2.269732240283500e-05	5.709434e+00
2.279497865283501e-05	5.825508e+00
2.289263490283501e-05	5.941064e+00
2.299029115283501e-05	6.055911e+00
2.308794740283501e-05	6.169778e+00
2.318560365283502e-05	6.282339e+00
2.328325990283502e-05	6.393725e+00
2.329853369880860e-05	6.410933e+00
2.331889876010672e-05	6.433749e+00
2.335962888270295e-05	6.479180e+00
2.337697909080847e-05	6.498251e+00
2.338768935595370e-05	6.509665e+00
2.338777948053861e-05	6.509756e+00
2.338795972970842e-05	6.509936e+00
2.338832022804804e-05	6.510300e+00
2.338877836587524e-05	6.510770e+00
2.338969464152964e-05	6.511732e+00
2.339148464842467e-05	6.513660e+00
2.339464713854390e-05	6.517131e+00
2.339479743986058e-05	6.517298e+00
2.339499784161615e-05	6.517522e+00
2.339523191499010e-05	6.517784e+00
2.339554698524987e-05	6.518137e+00
2.339575910200000e-05	6.518374e+00
2.339601535654355e-05	6.518661e+00
2.339651449524847e-05	6.519221e+00
2.339787999210006e-05	6.520755e+00
2.339904666324369e-05	6.522068e+00
2.340071421170689e-05	6.523945e+00
2.340336113741034e-05	6.526924e+00
2.340692437332358e-05	6.530926e+00
2.341269740155090e-05	6.537384e+00
2.342181329721764e-05	6.547509e+00
2.344004508855112e-05	6.567553e+00
2.347650867121807e-05	6.607194e+00
2.351694963918591e-05	6.650555e+00
2.359783157512158e-05	6.735671e+00
2.369548782512158e-05	6.835968e+00
2.379314407512158e-05	6.932913e+00
2.389080032512159e-05	7.024281e+00
2.398845657512159e-05	7.104758e+00
2.408611282512159e-05	7.166554e+00
2.418376907512160e-05	7.201728e+00
2.428142532512160e-05	7.203649e+00
2.437908157512160e-05	7.168894e+00
2.446541347588918e-05	7.108523e+00
2.451185029779763e-05	7.063490e+00
2.456020875219426e-05	7.009555e+00
2.458013653019330e-05	6.986671e+00
2.461651812483911e-05	6.944701e+00
2.465865618025927e-05	6.896074e+00
2.471716866305119e-05	6.828536e+00
2.481482491305119e-05	6.715766e+00
2.491248116305120e-05	6.602939e+00
2.496157289024901e-05	6.546206e+00
2.496309876915527e-05	6.544442e+00
2.496615052696777e-05	6.540915e+00
2.497225404259277e-05	6.533863e+00
2.498358665234846e-05	6.520768e+00
2.498660549702263e-05	6.517279e+00
2.499063062325487e-05	6.512629e+00
2.499868087571932e-05	6.503476e+00
2.500522653614691e-05	6.496312e+00
2.500922045049163e-05	6.491983e+00
2.501134963495009e-05	6.489582e+00
2.501328276563126e-05	6.487329e+00
2.501479695607044e-05	6.485552e+00
2.501650530627841e-05	6.483540e+00
2.501763015351746e-05	6.482213e+00
2.501808033196315e-05	6.481681e+00
2.501849672134566e-05	6.481189e+00
2.501942168809344e-05	6.480096e+00
2.502001988207909e-05	6.479389e+00
2.502064688119598e-05	6.478648e+00
2.502141229637369e-05	6.477744e+00
2.502230833978043e-05	6.476685e+00
2.502336927063968e-05	6.475432e+00
2.502466777771991e-05	6.473900e+00
2.502622494123562e-05	6.472063e+00
2.502813751798880e-05	6.469810e+00
2.503068021650624e-05	6.466819e+00
2.503422065507177e-05	6.462664e+00
2.503958852202366e-05	6.456383e+00
2.504850758193445e-05	6.445988e+00
2.506524087761254e-05	6.426571e+00
2.509870746896871e-05	6.387881e+00
2.515127567222040e-05	6.327257e+00
2.524893192222040e-05	6.214858e+00
2.534658817222041e-05	6.102736e+00
2.544424442222041e-05	5.991015e+00
2.563955692222041e-05	5.769376e+00
2.583486942222042e-05	5.551647e+00
2.603018192222042e-05	5.340435e+00
2.612783817222043e-05	5.238262e+00
2.622549442222043e-05	5.138926e+00
2.632315067222043e-05	5.043410e+00
2.642080692222044e-05	4.954872e+00
2.651846317222044e-05	4.879758e+00
2.661611942222044e-05	4.826880e+00
2.671377567222044e-05	4.805646e+00
2.681143192222045e-05	4.824552e+00
2.690908817222045e-05	4.883084e+00
2.695498741638723e-05	4.926204e+00
2.699184377201830e-05	4.968281e+00
2.700918111772803e-05	4.988938e+00
2.703350802841112e-05	5.018092e+00
2.706077972122949e-05	5.050754e+00
2.709101310508399e-05	5.086926e+00
2.713400947302032e-05	5.138335e+00
2.718124102605381e-05	5.194806e+00
2.725996679629370e-05	5.288972e+00
2.734170057860733e-05	5.386772e+00
2.743935682860734e-05	5.503588e+00
2.753701307860734e-05	5.620245e+00
2.763466932860734e-05	5.736619e+00
2.773232557860735e-05	5.852585e+00
2.782998182860735e-05	5.967996e+00
2.792763807860735e-05	6.082641e+00
2.802529432860735e-05	6.196235e+00
2.812295057860736e-05	6.308441e+00
2.822060682860736e-05	6.419178e+00
2.827301697449511e-05	6.477970e+00
2.827454285340136e-05	6.479669e+00
2.827759461121386e-05	6.483056e+00
2.828369812683886e-05	6.489824e+00
2.829073498876817e-05	6.497478e+00
2.829626576240612e-05	6.503221e+00
2.829981076573715e-05	6.506838e+00
2.830165956173594e-05	6.508805e+00
2.830334764221181e-05	6.510670e+00
2.830461623629315e-05	6.512085e+00
2.830605176508023e-05	6.513696e+00
2.830875570684355e-05	6.516739e+00
2.830880771212134e-05	6.516798e+00
2.830891172267692e-05	6.516915e+00
2.830907756706470e-05	6.517102e+00
2.830927007020919e-05	6.517319e+00
2.830944571492495e-05	6.517518e+00
2.830964406927023e-05	6.517742e+00
2.831004077796079e-05	6.518189e+00
2.831249016382822e-05	6.520953e+00
2.831425827323563e-05	6.522946e+00
2.831738534410854e-05	6.526464e+00
2.832173038224871e-05	6.531335e+00
2.832973762910304e-05	6.540260e+00
2.834197253433292e-05	6.553782e+00
2.836644234479269e-05	6.580537e+00
2.840995218867114e-05	6.627512e+00
2.847770590558780e-05	6.699415e+00
2.857536215558780e-05	6.800713e+00
2.867301840558781e-05	6.899050e+00
2.877067465558781e-05	6.992868e+00
2.886833090558781e-05	7.077956e+00
2.896598715558781e-05	7.147175e+00
2.906364340558782e-05	7.192469e+00
2.916129965558782e-05	7.206647e+00
2.925895590558782e-05	7.184285e+00
2.935661215558783e-05	7.126852e+00
2.940523638908083e-05	7.083152e+00
2.944534753407075e-05	7.039295e+00
2.946842127633910e-05	7.012881e+00
2.949757023338396e-05	6.979294e+00
2.954209332178855e-05	6.927932e+00
2.958374608903787e-05	6.879868e+00
2.965212464094938e-05	6.800945e+00
2.972415811931265e-05	6.717759e+00
2.982181436931265e-05	6.604924e+00
2.986107786317303e-05	6.559548e+00
2.989598072845678e-05	6.519214e+00
2.990470644477771e-05	6.509243e+00
2.992215787741959e-05	6.489638e+00
2.992225801193499e-05	6.489528e+00
2.992245828096580e-05	6.489310e+00
2.992274142622334e-05	6.489000e+00
2.992299579577250e-05	6.488720e+00
2.992326963224006e-05	6.488417e+00
2.992381730517518e-05	6.487804e+00
2.992461034305280e-05	6.486908e+00
2.992542324361778e-05	6.485981e+00
2.992653643192741e-05	6.484699e+00
2.992777046740507e-05	6.483265e+00
2.993023853836040e-05	6.480381e+00
2.993065797180214e-05	6.479888e+00
2.993149683868563e-05	6.478902e+00
2.993183586009748e-05	6.478503e+00
2.993220099033630e-05	6.478073e+00
2.993300600770637e-05	6.477125e+00
2.993496132471380e-05	6.474821e+00
2.993714713521798e-05	6.472245e+00
2.994066018332082e-05	6.468108e+00
2.994676416985548e-05	6.460940e+00
2.995215339776443e-05	6.454635e+00
2.996118103381959e-05	6.444114e+00
2.997794140290928e-05	6.424667e+00
3.001146214108868e-05	6.385913e+00
3.005848303339168e-05	6.331683e+00
3.015252481799767e-05	6.223432e+00
3.025018106799767e-05	6.111286e+00
3.034783731799767e-05	5.999530e+00
3.054314981799768e-05	5.777781e+00
3.073846231799768e-05	5.559860e+00
3.093377481799769e-05	5.348342e+00
3.103143106799769e-05	5.245971e+00
3.112908731799769e-05	5.146402e+00
3.122674356799770e-05	5.050522e+00
3.132439981799770e-05	4.961232e+00
3.142205606799770e-05	4.884732e+00
3.151971231799771e-05	4.829736e+00
3.161736856799771e-05	4.805659e+00
3.171502481799771e-05	4.821165e+00
3.181268106799771e-05	4.876317e+00
3.185872217139989e-05	4.918396e+00
3.189149057315965e-05	4.955439e+00
3.190913740223032e-05	4.976422e+00
3.193264825889941e-05	5.004587e+00
3.196077335178104e-05	5.038281e+00
3.198663745420315e-05	5.069235e+00
3.202379933711877e-05	5.113674e+00
3.206426215303842e-05	5.162046e+00
3.212671679442510e-05	5.236727e+00
3.219288229828153e-05	5.315885e+00
3.229053854828153e-05	5.432739e+00
3.238819479828153e-05	5.549509e+00
3.248585104828153e-05	5.666069e+00
3.258350729828154e-05	5.782298e+00
3.268116354828154e-05	5.898066e+00
3.277881979828154e-05	6.013205e+00
3.287647604828155e-05	6.127474e+00
3.297413229828155e-05	6.240564e+00
3.307178854828155e-05	6.352135e+00
3.316944479828155e-05	6.461977e+00
3.321168786779985e-05	6.508679e+00
3.321217215290628e-05	6.509207e+00
3.321314072311915e-05	6.510262e+00
3.321366896379540e-05	6.510841e+00
3.321421613746160e-05	6.511444e+00
3.321453223273268e-05	6.511792e+00
3.321491886190772e-05	6.512220e+00
3.321569212025781e-05	6.513079e+00
3.321702956920845e-05	6.514569e+00
3.321916350861838e-05	6.516953e+00
3.322343138743824e-05	6.521728e+00
3.322968713474707e-05	6.528710e+00
3.324219862936474e-05	6.542588e+00
3.326115362264017e-05	6.563414e+00
3.329906360919103e-05	6.604613e+00
3.334439017424096e-05	6.653170e+00
3.343504330434083e-05	6.748390e+00
3.353269955434083e-05	6.848358e+00
3.363035580434083e-05	6.944690e+00
3.372801205434084e-05	7.034810e+00
3.382566830434084e-05	7.113021e+00
3.392332455434084e-05	7.171442e+00
3.402098080434084e-05	7.202244e+00
3.411863705434085e-05	7.199033e+00
3.421629330434085e-05	7.160241e+00
3.428679334480004e-05	7.109057e+00
3.433008785418537e-05	7.066576e+00
3.437522748264273e-05	7.016392e+00
3.439461315541662e-05	6.994174e+00
3.443094749880999e-05	6.952282e+00
3.447085032519388e-05	6.906244e+00
3.452754108081703e-05	6.840816e+00
3.461301566235545e-05	6.742127e+00
3.471027563701950e-05	6.629771e+00
3.480793188701950e-05	6.517151e+00
3.484369160585465e-05	6.476222e+00
3.484392725438239e-05	6.475955e+00
3.484439855143785e-05	6.475421e+00
3.484534114554878e-05	6.474346e+00
3.484665812406966e-05	6.472832e+00
3.484725962499984e-05	6.472136e+00
3.484796948644884e-05	6.471312e+00
3.484832581116186e-05	6.470898e+00
3.484877387802017e-05	6.470375e+00
3.484967001173680e-05	6.469327e+00
3.485146227917005e-05	6.467228e+00
3.485504681403655e-05	6.463022e+00
3.486221588376955e-05	6.454622e+00
3.487655402323556e-05	6.437897e+00
3.490205766981859e-05	6.408314e+00
3.494148334926663e-05	6.362769e+00
3.499552723859707e-05	6.300483e+00
3.519083973859708e-05	6.076112e+00
3.538615223859708e-05	5.853477e+00
3.558146473859709e-05	5.634000e+00
3.577677723859710e-05	5.419945e+00
3.597208973859710e-05	5.214349e+00
3.606974598859710e-05	5.115745e+00
3.616740223859711e-05	5.021364e+00
3.626505848859711e-05	4.935151e+00
3.636271473859711e-05	4.864298e+00
3.646037098859712e-05	4.817879e+00
3.655802723859712e-05	4.805226e+00
3.665568348859712e-05	4.831019e+00
3.672454281144856e-05	4.875334e+00
3.676523844898979e-05	4.914337e+00
3.680472579086073e-05	4.959077e+00
3.682154751939636e-05	4.979031e+00
3.684732684689238e-05	5.009913e+00
3.687219963967272e-05	5.039705e+00
3.690145354331515e-05	5.074710e+00
3.694071024964338e-05	5.121649e+00
3.698446231753365e-05	5.173955e+00
3.705377176241271e-05	5.256844e+00
3.712671988824556e-05	5.344126e+00
3.722437613824557e-05	5.460973e+00
3.732203238824557e-05	5.577704e+00
3.741968863824557e-05	5.694196e+00
3.751734488824557e-05	5.810326e+00
3.761500113824558e-05	5.925959e+00
3.771265738824558e-05	6.040913e+00
3.781031363824558e-05	6.154926e+00
3.790796988824558e-05	6.267677e+00
3.800562613824559e-05	6.378831e+00
3.810328238824559e-05	6.488189e+00
3.814552931561476e-05	6.534663e+00
3.814601525339838e-05	6.535190e+00
3.814698712896562e-05	6.536243e+00
3.814751589943408e-05	6.536819e+00
3.814805245291736e-05	6.537407e+00
3.814836408141514e-05	6.537749e+00
3.814875409307600e-05	6.538179e+00
3.814953411639774e-05	6.539041e+00
3.815109416304121e-05	6.540770e+00
3.815365869231172e-05	6.543621e+00
3.815878775085274e-05	6.549325e+00
3.816711739619468e-05	6.558554e+00
3.818377668687855e-05	6.576863e+00
3.820868762058627e-05	6.603946e+00
3.825328137663004e-05	6.651756e+00
3.833319578503614e-05	6.735870e+00
3.843085203503614e-05	6.836154e+00
3.852850828503615e-05	6.933090e+00
3.862616453503615e-05	7.024439e+00
3.872382078503615e-05	7.104881e+00
3.882147703503615e-05	7.166627e+00
3.891913328503616e-05	7.201734e+00
3.901678953503616e-05	7.203578e+00
3.911444578503616e-05	7.168765e+00
3.920048502078069e-05	7.108571e+00
3.924686327107000e-05	7.063591e+00
3.929516418516435e-05	7.009724e+00
3.931506941386705e-05	6.986867e+00
3.935144945032270e-05	6.944899e+00
3.939353351257092e-05	6.896335e+00
3.945197901103327e-05	6.828874e+00
3.954963526103327e-05	6.716105e+00
3.964729151103328e-05	6.603278e+00
3.969300100357530e-05	6.550452e+00
3.969728626850111e-05	6.545500e+00
3.972299785805599e-05	6.515790e+00
3.973442523119150e-05	6.502757e+00
3.974253801036944e-05	6.493801e+00
3.974653430133654e-05	6.489427e+00
3.974877128425040e-05	6.486889e+00
3.975047445125730e-05	6.484901e+00
3.975227500293456e-05	6.482787e+00
3.975318765510915e-05	6.481712e+00
3.975409669075840e-05	6.480639e+00
3.975449127655733e-05	6.480174e+00
3.975507820853760e-05	6.479480e+00
3.975585968809733e-05	6.478558e+00
3.975665498347078e-05	6.477618e+00
3.975785432326014e-05	6.476201e+00
3.975920886122574e-05	6.474601e+00
3.976100956361015e-05	6.472476e+00
3.976330028099529e-05	6.469775e+00
3.977094504790770e-05	6.460793e+00
3.977825188886851e-05	6.452250e+00
3.979112989675673e-05	6.437266e+00
3.981688591253318e-05	6.407435e+00
3.985460675280917e-05	6.363883e+00
3.993004843336115e-05	6.276962e+00
4.002770468336115e-05	6.164677e+00
4.012536093336115e-05	6.052720e+00
4.022301718336116e-05	5.941221e+00
4.041832968336116e-05	5.720276e+00
4.061364218336117e-05	5.503747e+00
4.080895468336117e-05	5.294422e+00
4.090661093336118e-05	5.193456e+00
4.100426718336118e-05	5.095529e+00
4.110192343336117e-05	5.002224e+00
4.119957968336118e-05	4.918167e+00
4.129723593336118e-05	4.851166e+00
4.139489218336118e-05	4.810479e+00
4.149254843336119e-05	4.805328e+00
4.159020468336119e-05	4.838623e+00
4.164739838813681e-05	4.879201e+00
4.168396854904582e-05	4.915682e+00
4.172118463546027e-05	4.958083e+00
4.173534237180260e-05	4.974854e+00
4.175796034394911e-05	5.001934e+00
4.178307059079223e-05	5.032007e+00
4.181270847470087e-05	5.067475e+00
4.185428196943578e-05	5.117188e+00
4.189920882039977e-05	5.170899e+00
4.197697609420758e-05	5.263909e+00
4.205756248863565e-05	5.360335e+00
4.215521873863565e-05	5.477176e+00
4.225287498863565e-05	5.593883e+00
4.235053123863565e-05	5.710332e+00
4.244818748863566e-05	5.826402e+00
4.254584373863566e-05	5.941954e+00
4.264349998863566e-05	6.056794e+00
4.274115623863567e-05	6.170653e+00
4.283881248863567e-05	6.283202e+00
4.293646873863567e-05	6.394567e+00
4.294301992344676e-05	6.401973e+00
4.295612229306894e-05	6.416692e+00
4.298232703231329e-05	6.446020e+00
4.301552895142881e-05	6.482984e+00
4.303075743415610e-05	6.499702e+00
4.303195567489057e-05	6.500906e+00
4.303435215635953e-05	6.503198e+00
4.303603612065074e-05	6.504921e+00
4.303717874736733e-05	6.506144e+00
4.303778976508090e-05	6.506809e+00
4.303837284200317e-05	6.507449e+00
4.303896375410059e-05	6.508101e+00
4.303958548000541e-05	6.508791e+00
4.304082333647337e-05	6.510172e+00
4.304267752962678e-05	6.512251e+00
4.304517177313289e-05	6.515057e+00
4.304519452036101e-05	6.515083e+00
4.304524001481726e-05	6.515134e+00
4.304533100372976e-05	6.515237e+00
4.304546522127374e-05	6.515388e+00
4.304560032002949e-05	6.515541e+00
4.304577869267624e-05	6.515742e+00
4.304665898319520e-05	6.516736e+00
4.304753927371416e-05	6.517729e+00
4.304841956423313e-05	6.518723e+00
4.304929985475209e-05	6.519715e+00
4.305018014527105e-05	6.520708e+00
4.305106043579001e-05	6.521699e+00
4.305194072630898e-05	6.522691e+00
4.305586933124711e-05	6.527103e+00
4.306334319510083e-05	6.535456e+00
4.307334870132329e-05	6.546552e+00
4.309335971376823e-05	6.568512e+00
4.313338173865808e-05	6.611955e+00
4.317700794460856e-05	6.658633e+00
4.326426035650954e-05	6.750181e+00
4.336191660650955e-05	6.850067e+00
4.345957285650955e-05	6.946315e+00
4.355722910650955e-05	7.036263e+00
4.365488535650955e-05	7.114162e+00
4.375254160650956e-05	7.172123e+00
4.385019785650956e-05	7.202332e+00
4.394785410650956e-05	7.198426e+00
4.404551035650957e-05	7.159052e+00
4.411427063196598e-05	7.108834e+00
4.415722644916158e-05	7.066592e+00
4.420199232182132e-05	7.016825e+00
4.422145996150851e-05	6.994517e+00
4.425785578004109e-05	6.952556e+00
4.429720700883915e-05	6.907156e+00
4.435469911365046e-05	6.840803e+00
4.443865228270456e-05	6.743871e+00
4.453630853270456e-05	6.631058e+00
4.463396478270456e-05	6.518419e+00
4.467620806798458e-05	6.469991e+00
4.467669342476606e-05	6.469438e+00
4.467766413832900e-05	6.468330e+00
4.467819269561262e-05	6.467724e+00
4.467873267264820e-05	6.467101e+00
4.467904577733654e-05	6.466740e+00
4.467943460865482e-05	6.466289e+00
4.468021227129139e-05	6.465385e+00
4.468129136302809e-05	6.464128e+00
4.468344954650151e-05	6.461604e+00
4.468776591344833e-05	6.456546e+00
4.469414737696252e-05	6.449074e+00
4.470691030399089e-05	6.434186e+00
4.472591313048059e-05	6.412134e+00
4.476391878345999e-05	6.368209e+00
4.480984650771928e-05	6.315256e+00
4.490170195623786e-05	6.209556e+00
4.509701445623786e-05	5.985755e+00
4.529232695623787e-05	5.764185e+00
4.548763945623787e-05	5.546576e+00
4.568295195623788e-05	5.335555e+00
4.578060820623788e-05	5.233507e+00
4.587826445623788e-05	5.134314e+00
4.597592070623789e-05	5.039024e+00
4.607357695623789e-05	4.950949e+00
4.617123320623789e-05	4.876687e+00
4.626888945623790e-05	4.825099e+00
4.636654570623790e-05	4.805573e+00
4.646420195623790e-05	4.826502e+00
4.656185820623790e-05	4.886991e+00
4.660721341676848e-05	4.930339e+00
4.665134979253207e-05	4.981091e+00
4.666835558083422e-05	5.001375e+00
4.669357593213957e-05	5.031603e+00
4.672055317629206e-05	5.063901e+00
4.675680356262445e-05	5.107260e+00
4.680807616580767e-05	5.168561e+00
4.686483733209096e-05	5.236439e+00
4.696249358209096e-05	5.353277e+00
4.706014983209096e-05	5.470113e+00
4.715780608209096e-05	5.586830e+00
4.725546233209097e-05	5.703299e+00
4.735311858209097e-05	5.819396e+00
4.745077483209097e-05	5.934983e+00
4.754843108209098e-05	6.049873e+00
4.764608733209098e-05	6.163801e+00
4.774374358209098e-05	6.276438e+00
4.784139983209098e-05	6.387453e+00
4.793905608209099e-05	6.496661e+00
4.797699837490829e-05	6.538306e+00
4.797734469222061e-05	6.538680e+00
4.797803732684526e-05	6.539428e+00
4.797942259609457e-05	6.540937e+00
4.798095934308490e-05	6.542627e+00
4.798403283706554e-05	6.546034e+00
4.799017982502682e-05	6.552864e+00
4.800247380094941e-05	6.566452e+00
4.802706175279458e-05	6.593336e+00
4.806482358280703e-05	6.634113e+00
4.811108813190493e-05	6.683289e+00
4.820361723010073e-05	6.779646e+00
4.830127348010073e-05	6.878629e+00
4.839892973010073e-05	6.973460e+00
4.849658598010074e-05	7.060558e+00
4.859424223010074e-05	7.133340e+00
4.869189848010074e-05	7.183790e+00
4.878955473010075e-05	7.204434e+00
4.888721098010075e-05	7.189455e+00
4.898486723010075e-05	7.139544e+00
4.903829806407537e-05	7.095579e+00
4.907586919855582e-05	7.056549e+00
4.910975218411395e-05	7.018454e+00
4.913983894478284e-05	6.983945e+00
4.917338102477090e-05	6.945294e+00
4.921713800666560e-05	6.894814e+00
4.928115958852793e-05	6.820928e+00
4.935450068369894e-05	6.736242e+00
4.945215693369895e-05	6.623422e+00
4.954981318369895e-05	6.510783e+00
4.959265445385645e-05	6.461667e+00
4.959320737260124e-05	6.461036e+00
4.959431321009082e-05	6.459774e+00
4.959468549395774e-05	6.459346e+00
4.959510480862195e-05	6.458863e+00
4.959552076558711e-05	6.458382e+00
4.959600282246094e-05	6.457824e+00
4.959657500084035e-05	6.457159e+00
4.959721738554153e-05	6.456411e+00
4.959800960853503e-05	6.455488e+00
4.959894257947421e-05	6.454397e+00
4.960008627552752e-05	6.453059e+00
4.960148720203784e-05	6.451417e+00
4.960321131000146e-05	6.449396e+00
4.960535749694571e-05	6.446879e+00
4.960830473089880e-05	6.443425e+00
4.961254123601437e-05	6.438467e+00
4.961923198094422e-05	6.430659e+00
4.963087803066484e-05	6.417120e+00
4.965406190522022e-05	6.390275e+00
4.969175526819673e-05	6.346765e+00
4.976714199414978e-05	6.259933e+00
4.986479824414978e-05	6.147693e+00
4.996245449414979e-05	6.035797e+00
5.006011074414979e-05	5.924380e+00
5.025542324414980e-05	5.703691e+00
5.045073574414980e-05	5.487600e+00
5.064604824414981e-05	5.278952e+00
5.074370449414981e-05	5.178414e+00
5.084136074414981e-05	5.081032e+00
5.093901699414982e-05	4.988668e+00
5.103667324414982e-05	4.906444e+00
5.113432949414982e-05	4.842554e+00
5.123198574414982e-05	4.806359e+00
5.132964199414983e-05	4.806970e+00
5.142729824414983e-05	4.846490e+00
5.147975193555203e-05	4.886825e+00
5.151202865147841e-05	4.920310e+00
5.154804604497239e-05	4.961877e+00
5.156941222324705e-05	4.987257e+00
5.159272171702634e-05	5.015167e+00
5.161762648770895e-05	5.044983e+00
5.165621653118486e-05	5.091144e+00
5.170046305198858e-05	5.144043e+00
5.176538320128834e-05	5.221672e+00
5.184693758606486e-05	5.319242e+00
5.194459383606486e-05	5.436099e+00
5.204225008606487e-05	5.552868e+00
5.213990633606487e-05	5.669423e+00
5.223756258606487e-05	5.785640e+00
5.233521883606488e-05	5.901393e+00
5.243287508606488e-05	6.016510e+00
5.253053133606488e-05	6.130750e+00
5.262818758606488e-05	6.243801e+00
5.272584383606489e-05	6.355323e+00
5.282350008606489e-05	6.465109e+00
5.286574267754287e-05	6.511783e+00
5.286622753282360e-05	6.512311e+00
5.286719724338506e-05	6.513368e+00
5.286772564479747e-05	6.513946e+00
5.286826889545921e-05	6.514544e+00
5.286858337433260e-05	6.514891e+00
5.286897117066301e-05	6.515320e+00
5.286974676332382e-05	6.516181e+00
5.287118224413664e-05	6.517779e+00
5.287343848869364e-05	6.520298e+00
5.287795097780765e-05	6.525342e+00
5.288488650180258e-05	6.533074e+00
5.289875754979243e-05	6.548431e+00
5.291980430557361e-05	6.571498e+00
5.296189781713597e-05	6.617093e+00
5.301602824288845e-05	6.674805e+00
5.311368449288845e-05	6.776719e+00
5.321134074288846e-05	6.875834e+00
5.330899699288846e-05	6.970804e+00
5.340665324288846e-05	7.058179e+00
5.350430949288847e-05	7.131455e+00
5.360196574288847e-05	7.182616e+00
5.369962199288847e-05	7.204145e+00
5.379727824288847e-05	7.190169e+00
5.389493449288848e-05	7.141269e+00
5.394917139225580e-05	7.097195e+00
5.398635532504044e-05	7.058823e+00
5.402269151719196e-05	7.018050e+00
5.405197588347233e-05	6.984478e+00
5.408564201410282e-05	6.945684e+00
5.412847440222197e-05	6.896272e+00
5.419150477671894e-05	6.823529e+00
5.426600396723253e-05	6.737507e+00
5.436366021723254e-05	6.624688e+00
5.446131646723254e-05	6.512067e+00
5.449824568142622e-05	6.469787e+00
5.449850323157987e-05	6.469495e+00
5.449901833188718e-05	6.468911e+00
5.450004853250179e-05	6.467734e+00
5.450141646173443e-05	6.466159e+00
5.450191646928722e-05	6.465581e+00
5.450236888087391e-05	6.465055e+00
5.450285243700583e-05	6.464492e+00
5.450347171855323e-05	6.463770e+00
5.450410942240387e-05	6.463025e+00
5.450491364583860e-05	6.462084e+00
5.450584255252007e-05	6.460996e+00
5.450695308498826e-05	6.459693e+00
5.450831630061156e-05	6.458094e+00
5.450994767809224e-05	6.456179e+00
5.451198089362219e-05	6.453792e+00
5.451472040577799e-05	6.450578e+00
5.451860148608773e-05	6.446033e+00
5.452458327717785e-05	6.439046e+00
5.453485586171928e-05	6.427092e+00
5.455452211361789e-05	6.404302e+00
5.459385461741511e-05	6.358876e+00
5.466521009936733e-05	6.276659e+00
5.476286634936733e-05	6.164376e+00
5.486052259936733e-05	6.052420e+00
5.495817884936733e-05	5.940922e+00
5.515349134936734e-05	5.719983e+00
5.534880384936735e-05	5.503461e+00
5.554411634936735e-05	5.294148e+00
5.564177259936735e-05	5.193190e+00
5.573942884936736e-05	5.095272e+00
5.583708509936736e-05	5.001982e+00
5.593474134936736e-05	4.917955e+00
5.603239759936737e-05	4.851006e+00
5.613005384936737e-05	4.810395e+00
5.622771009936737e-05	4.805343e+00
5.632536634936737e-05	4.838743e+00
5.638246524935256e-05	4.879310e+00
5.641896618092575e-05	4.915745e+00
5.645616458829348e-05	4.958133e+00
5.647033930661634e-05	4.974925e+00
5.649293440011185e-05	5.001976e+00
5.651804012212787e-05	5.032044e+00
5.654775067768829e-05	5.067599e+00
5.658951699668418e-05	5.117542e+00
5.663452976205790e-05	5.171357e+00
5.671268053584858e-05	5.264825e+00
5.679359346502385e-05	5.361643e+00
5.689124971502385e-05	5.478482e+00
5.698890596502386e-05	5.595188e+00
5.708656221502386e-05	5.711633e+00
5.718421846502386e-05	5.827698e+00
5.728187471502387e-05	5.943243e+00
5.737953096502387e-05	6.058074e+00
5.747718721502387e-05	6.171920e+00
5.757484346502387e-05	6.284452e+00
5.767249971502388e-05	6.395799e+00
5.767905098286691e-05	6.403203e+00
5.769215351855298e-05	6.417920e+00
5.771835858992509e-05	6.447245e+00
5.774903854250140e-05	6.481433e+00
5.776337687672358e-05	6.497169e+00
5.777570992458470e-05	6.510339e+00
5.777578596218292e-05	6.510417e+00
5.777593803737935e-05	6.510571e+00
5.777612190998575e-05	6.510757e+00
5.777630194934619e-05	6.510941e+00
5.777647395186126e-05	6.511117e+00
5.777670783979837e-05	6.511359e+00
5.777698683773928e-05	6.511650e+00
5.777754483362110e-05	6.512238e+00
5.777837398557313e-05	6.513124e+00
5.777963420954654e-05	6.514494e+00
5.778215465749335e-05	6.517271e+00
5.778261996537355e-05	6.517788e+00
5.778355058113395e-05	6.518828e+00
5.778400276706190e-05	6.519334e+00
5.778448310363061e-05	6.519873e+00
5.778594982230943e-05	6.521521e+00
5.778711061393509e-05	6.522826e+00
5.778943022824741e-05	6.525435e+00
5.779298168274425e-05	6.529425e+00
5.780008459173795e-05	6.537373e+00
5.781009324507936e-05	6.548486e+00
5.783011055176217e-05	6.570468e+00
5.786969474385192e-05	6.613442e+00
5.791121312472245e-05	6.657878e+00
5.799424988646352e-05	6.745064e+00
5.809190613646352e-05	6.845082e+00
5.818956238646352e-05	6.941576e+00
5.828721863646353e-05	7.032025e+00
5.838487488646353e-05	7.110833e+00
5.848253113646353e-05	7.170141e+00
5.858018738646354e-05	7.202087e+00
5.867784363646354e-05	7.200215e+00
5.877549988646354e-05	7.162526e+00
5.884958092453096e-05	7.109329e+00
5.889357862837256e-05	7.066327e+00
5.893946110620510e-05	7.015299e+00
5.895875731694311e-05	6.993176e+00
5.899519169455299e-05	6.951164e+00
5.903542180124489e-05	6.904746e+00
5.909204473310490e-05	6.839394e+00
5.918094290815262e-05	6.736749e+00
5.927738185296945e-05	6.625340e+00
5.937503810296945e-05	6.512701e+00
5.941715261695807e-05	6.464424e+00
5.941762604949216e-05	6.463884e+00
5.941857291456034e-05	6.462804e+00
5.941909785159607e-05	6.462203e+00
5.941951378899915e-05	6.461724e+00
5.941980658470335e-05	6.461386e+00
5.942014275567424e-05	6.460997e+00
5.942081509761601e-05	6.460217e+00
5.942149554478755e-05	6.459425e+00
5.942268391771326e-05	6.458039e+00
5.942430755006577e-05	6.456140e+00
5.942658269680935e-05	6.453475e+00
5.943020265213789e-05	6.449230e+00
5.943502778353187e-05	6.443579e+00
5.944349744946620e-05	6.433690e+00
5.945831874175451e-05	6.416465e+00
5.948796132633110e-05	6.382163e+00
5.952721359171479e-05	6.336872e+00
5.960571812248217e-05	6.246477e+00
5.970337437248217e-05	6.134273e+00
5.980103062248218e-05	6.022427e+00
5.989868687248218e-05	5.911077e+00
6.009399937248218e-05	5.690599e+00
6.028931187248219e-05	5.474866e+00
6.048462437248220e-05	5.266765e+00
6.058228062248220e-05	5.166579e+00
6.067993687248220e-05	5.069721e+00
6.077759312248220e-05	4.978400e+00
6.087524937248221e-05	4.898137e+00
6.097290562248221e-05	4.837352e+00
6.107056187248221e-05	4.805448e+00
6.116821812248222e-05	4.811429e+00
6.126587437248222e-05	4.856759e+00
6.131463442848863e-05	4.897125e+00
6.134447724692280e-05	4.929267e+00
6.136688193692329e-05	4.955434e+00
6.139390948903850e-05	4.987629e+00
6.141761089063735e-05	5.015998e+00
6.144255924073724e-05	5.045865e+00
6.147862196676354e-05	5.088999e+00
6.151679092705623e-05	5.134631e+00
6.157863960988826e-05	5.208576e+00
6.164437816215617e-05	5.287215e+00
6.174203441215617e-05	5.404075e+00
6.183969066215617e-05	5.520880e+00
6.193734691215617e-05	5.637505e+00
6.203500316215618e-05	5.753827e+00
6.213265941215618e-05	5.869721e+00
6.223031566215618e-05	5.985033e+00
6.232797191215619e-05	6.099543e+00
6.242562816215619e-05	6.212953e+00
6.252328441215619e-05	6.324927e+00
6.262094066215619e-05	6.435388e+00
6.267320668211646e-05	6.493558e+00
6.269482489844188e-05	6.517080e+00
6.269496314910793e-05	6.517227e+00
6.269523965044004e-05	6.517518e+00
6.269579265310427e-05	6.518105e+00
6.269646294572099e-05	6.518824e+00
6.269780353095446e-05	6.520284e+00
6.270048470142138e-05	6.523239e+00
6.270100794105879e-05	6.523820e+00
6.270205442033361e-05	6.524989e+00
6.270242316077756e-05	6.525401e+00
6.270322396806940e-05	6.526298e+00
6.270494709794178e-05	6.528229e+00
6.270669223110017e-05	6.530187e+00
6.270930581487254e-05	6.533119e+00
6.271333900116679e-05	6.537634e+00
6.272097590702342e-05	6.546142e+00
6.272823694919678e-05	6.554178e+00
6.274109750230772e-05	6.568308e+00
6.276681860852958e-05	6.596314e+00
6.280403864453610e-05	6.636352e+00
6.287847871654915e-05	6.715053e+00
6.297613496654916e-05	6.815935e+00
6.307379121654916e-05	6.913729e+00
6.317144746654916e-05	7.006667e+00
6.326910371654916e-05	7.090063e+00
6.336675996654917e-05	7.156435e+00
6.346441621654917e-05	7.197742e+00
6.356207246654917e-05	7.207018e+00
6.365972871654917e-05	7.179229e+00
6.375738496654918e-05	7.116641e+00
6.380592278785922e-05	7.071144e+00
6.385607009638851e-05	7.015451e+00
6.387912659017696e-05	6.988964e+00
6.391132697805012e-05	6.951809e+00
6.395650177313478e-05	6.899675e+00
6.400822476006915e-05	6.839975e+00
6.410588101006915e-05	6.727213e+00
6.419559203467520e-05	6.623573e+00
6.429324828467520e-05	6.510934e+00
6.433464727294727e-05	6.463484e+00
6.433506473402958e-05	6.463009e+00
6.433589965619419e-05	6.462058e+00
6.433642574279942e-05	6.461455e+00
6.433675805675054e-05	6.461073e+00
6.433722433329305e-05	6.460536e+00
6.433746424346121e-05	6.460258e+00
6.433781415695949e-05	6.459853e+00
6.433851398395606e-05	6.459041e+00
6.433951021975944e-05	6.457880e+00
6.434101328316833e-05	6.456124e+00
6.434401940998612e-05	6.452603e+00
6.434840507902002e-05	6.447463e+00
6.435717641708784e-05	6.437203e+00
6.436934780601972e-05	6.423029e+00
6.439369058388349e-05	6.394825e+00
6.443754010000239e-05	6.344198e+00
6.450408919840240e-05	6.267539e+00
6.469940169840240e-05	6.043360e+00
6.479705794840241e-05	5.931906e+00
6.499237044840241e-05	5.711102e+00
6.518768294840242e-05	5.494813e+00
6.538299544840242e-05	5.285860e+00
6.548065169840243e-05	5.185129e+00
6.557830794840243e-05	5.087496e+00
6.567596419840243e-05	4.994688e+00
6.577362044840244e-05	4.911606e+00
6.587127669840244e-05	4.846279e+00
6.596893294840244e-05	4.808024e+00
6.606658919840244e-05	4.806006e+00
6.616424544840245e-05	4.842673e+00
6.621868241022721e-05	4.883034e+00
6.625300762143395e-05	4.917999e+00
6.628962026630567e-05	4.959984e+00
6.630710819878186e-05	4.980726e+00
6.632955755951803e-05	5.007604e+00
6.635458982579683e-05	5.037579e+00
6.638806361059904e-05	5.077628e+00
6.643597201635645e-05	5.134910e+00
6.648651168242923e-05	5.195339e+00
6.658091216885922e-05	5.308265e+00
6.667856841885922e-05	5.425118e+00
6.677622466885923e-05	5.541902e+00
6.687388091885923e-05	5.658483e+00
6.697153716885923e-05	5.774737e+00
6.706919341885923e-05	5.890540e+00
6.716684966885924e-05	6.005726e+00
6.726450591885924e-05	6.120061e+00
6.736216216885924e-05	6.233239e+00
6.745981841885925e-05	6.344919e+00
6.755747466885925e-05	6.454888e+00
6.759965449687892e-05	6.501581e+00
6.759988074438900e-05	6.501828e+00
6.760033323940916e-05	6.502320e+00
6.760123822944946e-05	6.503310e+00
6.760245876544903e-05	6.504656e+00
6.760387979584648e-05	6.506234e+00
6.760581933609512e-05	6.508399e+00
6.760804467976304e-05	6.510890e+00
6.760877106762381e-05	6.511704e+00
6.760962043007403e-05	6.512657e+00
6.761002285686825e-05	6.513108e+00
6.761172687455122e-05	6.515019e+00
6.761489618780664e-05	6.518569e+00
6.762130003421142e-05	6.525720e+00
6.762692984615063e-05	6.531978e+00
6.763675471811598e-05	6.542838e+00
6.765478468791127e-05	6.562615e+00
6.769084462750186e-05	6.601805e+00
6.773434558105685e-05	6.648454e+00
6.782134748816682e-05	6.739996e+00
6.791900373816682e-05	6.840202e+00
6.801665998816683e-05	6.936937e+00
6.811431623816683e-05	7.027878e+00
6.821197248816683e-05	7.107578e+00
6.830962873816684e-05	7.168214e+00
6.840728498816684e-05	7.201880e+00
6.850494123816684e-05	7.202027e+00
6.860259748816684e-05	7.165939e+00
6.868274501725997e-05	7.109248e+00
6.872794638507069e-05	7.065281e+00
6.877507918537664e-05	7.012801e+00
6.879432892956133e-05	6.990715e+00
6.883092560891043e-05	6.948505e+00
6.887184934824690e-05	6.901284e+00
6.892932881208520e-05	6.834941e+00
6.902326727488355e-05	6.726470e+00
6.912092352488355e-05	6.613651e+00
6.921857977488355e-05	6.500805e+00
6.921905566942183e-05	6.500281e+00
6.922000745849840e-05	6.499333e+00
6.922087598008558e-05	6.498528e+00
6.922154452222457e-05	6.497900e+00
6.922200163194655e-05	6.497449e+00
6.922246502558591e-05	6.496977e+00
6.922307321835918e-05	6.496340e+00
6.922394297736503e-05	6.495405e+00
6.922493876607653e-05	6.494309e+00
6.922614436861216e-05	6.492950e+00
6.922845584194931e-05	6.490295e+00
6.923030664355404e-05	6.488142e+00
6.923104856318264e-05	6.487273e+00
6.923181829101243e-05	6.486368e+00
6.923226547061107e-05	6.485842e+00
6.923283707275923e-05	6.485168e+00
6.923378359171084e-05	6.484051e+00
6.923463988902490e-05	6.483040e+00
6.923605811191412e-05	6.481364e+00
6.923766054072425e-05	6.479470e+00
6.923981667055744e-05	6.476922e+00
6.924267135061860e-05	6.473553e+00
6.924674795316031e-05	6.468752e+00
6.925315634085394e-05	6.461235e+00
6.926432580367249e-05	6.448201e+00
6.928598899622339e-05	6.423064e+00
6.932749294584503e-05	6.375106e+00
6.939982827887590e-05	6.291734e+00
6.949748452887590e-05	6.179412e+00
6.959514077887590e-05	6.067404e+00
6.969279702887591e-05	5.955837e+00
6.988810952887591e-05	5.734679e+00
7.008342202887592e-05	5.517783e+00
7.027873452887592e-05	5.307887e+00
7.037639077887592e-05	5.206558e+00
7.047404702887593e-05	5.108196e+00
7.057170327887593e-05	5.014186e+00
7.066935952887593e-05	4.928727e+00
7.076701577887594e-05	4.859250e+00
7.086467202887594e-05	4.814902e+00
7.096232827887594e-05	4.804980e+00
7.105998452887594e-05	4.833257e+00
7.112253183134028e-05	4.874746e+00
7.116205057875068e-05	4.913024e+00
7.120024147599391e-05	4.956269e+00
7.121623984340022e-05	4.975227e+00
7.124306009402314e-05	5.007347e+00
7.126723612302907e-05	5.036303e+00
7.129671824340653e-05	5.071582e+00
7.133521375650107e-05	5.117612e+00
7.137844525859352e-05	5.169295e+00
7.144703127808351e-05	5.251317e+00
7.151935627426118e-05	5.337853e+00
7.161701252426118e-05	5.454704e+00
7.171466877426119e-05	5.571445e+00
7.181232502426119e-05	5.687953e+00
7.190998127426119e-05	5.804105e+00
7.200763752426120e-05	5.919769e+00
7.210529377426120e-05	6.034765e+00
7.220295002426120e-05	6.148837e+00
7.230060627426120e-05	6.261665e+00
7.239826252426121e-05	6.372914e+00
7.249591877426121e-05	6.482381e+00
7.253816199280089e-05	6.528903e+00
7.253864734503108e-05	6.529430e+00
7.253961804949146e-05	6.530484e+00
7.254014660505119e-05	6.531060e+00
7.254068657257717e-05	6.531652e+00
7.254099968176487e-05	6.531997e+00
7.254138855204158e-05	6.532425e+00
7.254216629259503e-05	6.533285e+00
7.254370775021327e-05	6.534996e+00
7.254608905294710e-05	6.537646e+00
7.255085165841476e-05	6.542951e+00
7.255849657972168e-05	6.551437e+00
7.257378642233555e-05	6.568282e+00
7.259686995905287e-05	6.593442e+00
7.264303703248753e-05	6.643114e+00
7.270788370898460e-05	6.711690e+00
7.280553995898461e-05	6.812603e+00
7.290319620898461e-05	6.910519e+00
7.300085245898461e-05	7.003658e+00
7.309850870898462e-05	7.087438e+00
7.319616495898462e-05	7.154448e+00
7.329382120898462e-05	7.196640e+00
7.339147745898462e-05	7.206997e+00
7.348913370898463e-05	7.180399e+00
7.358678995898463e-05	7.118935e+00
7.363529275346243e-05	7.073814e+00
7.368535960632757e-05	7.018316e+00
7.370866048673299e-05	6.991554e+00
7.374017523456447e-05	6.955192e+00
7.378528330201912e-05	6.903135e+00
7.383536430138187e-05	6.845333e+00
7.392125230055164e-05	6.746169e+00
7.400992767575344e-05	6.643730e+00
7.410758392575344e-05	6.531088e+00
7.414887222667233e-05	6.483761e+00
7.414928196710370e-05	6.483294e+00
7.415010144796646e-05	6.482360e+00
7.415063331704765e-05	6.481751e+00
7.415097437432795e-05	6.481359e+00
7.415140635843251e-05	6.480861e+00
7.415166945571875e-05	6.480557e+00
7.415259632623250e-05	6.479482e+00
7.415323666517215e-05	6.478737e+00
7.415436913601457e-05	6.477416e+00
7.415594582647801e-05	6.475572e+00
7.415819048403369e-05	6.472941e+00
7.416183915344534e-05	6.468661e+00
7.416675528658041e-05	6.462902e+00
7.417532832810419e-05	6.452889e+00
7.419035488133083e-05	6.435422e+00
7.422040798778410e-05	6.400636e+00
7.425976231605338e-05	6.355215e+00
7.433847097259193e-05	6.264553e+00
7.443612722259193e-05	6.152299e+00
7.453378347259194e-05	6.040386e+00
7.463143972259194e-05	5.928946e+00
7.482675222259195e-05	5.708188e+00
7.502206472259195e-05	5.491977e+00
7.521737722259196e-05	5.283142e+00
7.531503347259196e-05	5.182487e+00
7.541268972259196e-05	5.084951e+00
7.551034597259197e-05	4.992313e+00
7.560800222259197e-05	4.909559e+00
7.570565847259197e-05	4.844787e+00
7.580331472259197e-05	4.807330e+00
7.590097097259198e-05	4.806334e+00
7.599862722259198e-05	4.844107e+00
7.605225853963882e-05	4.884440e+00
7.608581365326242e-05	4.918863e+00
7.612220476039295e-05	4.960694e+00
7.614122601794227e-05	4.983267e+00
7.616401628539430e-05	5.010554e+00
7.618895800087822e-05	5.040419e+00
7.622427352642144e-05	5.082668e+00
7.627079926768395e-05	5.138295e+00
7.632597902674315e-05	5.204272e+00
7.641525127337567e-05	5.311069e+00
7.651290752337568e-05	5.427925e+00
7.661056377337568e-05	5.544705e+00
7.670822002337568e-05	5.661279e+00
7.680587627337569e-05	5.777525e+00
7.690353252337569e-05	5.893315e+00
7.700118877337569e-05	6.008483e+00
7.709884502337569e-05	6.122794e+00
7.719650127337570e-05	6.235940e+00
7.729415752337570e-05	6.347579e+00
7.739181377337570e-05	6.457502e+00
7.743405685389673e-05	6.504243e+00
7.743432367425537e-05	6.504534e+00
7.743485731497264e-05	6.505115e+00
7.743592459640719e-05	6.506284e+00
7.743744948134061e-05	6.507967e+00
7.743806655630360e-05	6.508652e+00
7.743873093100577e-05	6.509391e+00
7.743905458938674e-05	6.509752e+00
7.744056561650225e-05	6.511441e+00
7.744156552540418e-05	6.512560e+00
7.744356534320806e-05	6.514801e+00
7.744615791113431e-05	6.517705e+00
7.745029800722926e-05	6.522337e+00
7.745643075093491e-05	6.529172e+00
7.746736673942494e-05	6.541284e+00
7.748751816899675e-05	6.563401e+00
7.752782102814038e-05	6.607164e+00
7.757664802894979e-05	6.659389e+00
7.767430203056861e-05	6.761702e+00
7.777195828056861e-05	6.861298e+00
7.786961453056861e-05	6.956988e+00
7.796727078056862e-05	7.045812e+00
7.806492703056862e-05	7.121682e+00
7.816258328056862e-05	7.176645e+00
7.826023953056862e-05	7.203009e+00
7.835789578056863e-05	7.194627e+00
7.845555203056863e-05	7.151300e+00
7.851513872957963e-05	7.105952e+00
7.855484776383592e-05	7.066249e+00
7.859811358468352e-05	7.018092e+00
7.862020121301945e-05	6.992801e+00
7.865575415553351e-05	6.951824e+00
7.869471791562037e-05	6.906874e+00
7.875426645859983e-05	6.838151e+00
7.883223425903243e-05	6.748131e+00
7.892989050903243e-05	6.635319e+00
7.902754675903243e-05	6.522714e+00
7.905881819503301e-05	6.486974e+00
7.905906068471758e-05	6.486701e+00
7.905954566408673e-05	6.486154e+00
7.906051562282503e-05	6.485050e+00
7.906199241349479e-05	6.483353e+00
7.906310961548543e-05	6.482060e+00
7.906361594447077e-05	6.481471e+00
7.906417963809639e-05	6.480814e+00
7.906455613169705e-05	6.480374e+00
7.906591956212484e-05	6.478777e+00
7.906675458612292e-05	6.477798e+00
7.906828740007616e-05	6.475998e+00
7.907016309114989e-05	6.473794e+00
7.907287506148946e-05	6.470608e+00
7.907676059652591e-05	6.466047e+00
7.908256375182545e-05	6.459253e+00
7.909244585529505e-05	6.447731e+00
7.911196090734475e-05	6.425087e+00
7.915099101144416e-05	6.379972e+00
7.919783029881930e-05	6.325960e+00
7.929150887356961e-05	6.218140e+00
7.938916512356961e-05	6.106010e+00
7.948682137356961e-05	5.994276e+00
7.958447762356962e-05	5.883077e+00
7.977979012356962e-05	5.663067e+00
7.987744637356963e-05	5.554791e+00
7.997510262356963e-05	5.447740e+00
7.999999999999999e-05	5.420696e+00
