time	V(n004)
0.000000000000000e+00	4.347545e-01
1.472820807357062e-09	4.336119e-01
4.418462422071186e-09	4.330355e-01
1.030974565149605e-08	4.330331e-01
1.867070019212014e-08	4.330309e-01
2.838831033791846e-08	4.330309e-01
4.111590315696717e-08	4.330309e-01
6.657108879506797e-08	4.330309e-01
9.546237231402864e-08	4.330309e-01
1.306605286973752e-07	4.330309e-01
1.645200593677630e-07	4.330309e-01
2.055456498549390e-07	4.330309e-01
2.479705703461550e-07	4.330255e-01
2.573111657141646e-07	4.330309e-01
2.730809442787614e-07	4.330309e-01
2.775018128217589e-07	4.336766e-01
2.863435499077504e-07	4.388398e-01
2.910940687123883e-07	4.457543e-01
2.922816984135478e-07	4.495769e-01
2.934794350739763e-07	5.190919e-01
2.940589409995497e-07	7.342934e-01
2.947187858167835e-07	1.231584e+00
2.952247043399838e-07	1.664155e+00
2.957559426984221e-07	2.099312e+00
2.968184194153022e-07	2.918611e+00
2.989433728490624e-07	4.308188e+00
3.021371040962051e-07	5.830677e+00
3.029930384020593e-07	5.998822e+00
3.036945630944002e-07	6.000866e+00
3.054358021798197e-07	6.000041e+00
3.063973320000722e-07	5.999974e+00
3.076098890899134e-07	6.000007e+00
3.089608766603612e-07	5.999997e+00
3.105999860668671e-07	6.000001e+00
3.127140415343414e-07	5.999999e+00
3.155054497358374e-07	6.000000e+00
3.195306554567422e-07	6.000000e+00
3.257826704623194e-07	6.000000e+00
3.365534806426296e-07	6.000000e+00
3.574989375664196e-07	6.000000e+00
3.966923231659195e-07	6.000000e+00
4.750790943649192e-07	6.000000e+00
5.727353443649187e-07	6.000000e+00
6.703915943649181e-07	6.000000e+00
7.680478443649175e-07	6.000000e+00
1.061016594364916e-06	6.000000e+00
1.256329094364915e-06	6.000000e+00
1.451641594364913e-06	6.000000e+00
1.549297844364913e-06	6.000000e+00
1.646954094364912e-06	6.000000e+00
1.744610344364912e-06	6.000000e+00
1.842266594364911e-06	6.000000e+00
1.939922844364910e-06	6.000000e+00
2.037579094364910e-06	6.000000e+00
2.135235344364909e-06	6.000000e+00
2.232891594364909e-06	6.000000e+00
2.330547844364908e-06	6.000000e+00
2.376694762407787e-06	6.000000e+00
2.407054581915355e-06	6.000000e+00
2.424777219643061e-06	6.000000e+00
2.447694424604298e-06	6.000000e+00
2.470896133282521e-06	6.000000e+00
2.496005992050170e-06	6.000000e+00
2.528079679257167e-06	6.000000e+00
2.563969726607850e-06	6.000000e+00
2.616303465920128e-06	6.000000e+00
2.672549409832666e-06	6.000000e+00
2.770205659832665e-06	6.000000e+00
2.867861909832665e-06	6.000000e+00
2.965518159832664e-06	6.000000e+00
3.063174409832663e-06	6.000000e+00
3.160830659832663e-06	6.000000e+00
3.258486909832662e-06	6.000000e+00
3.356143159832662e-06	6.000000e+00
3.453799409832661e-06	4.461881e+00
3.496040231006980e-06	1.463287e+00
3.496525007197335e-06	1.279092e+00
3.497494559578044e-06	6.984211e-01
3.498022924541723e-06	5.055772e-01
3.498566569662316e-06	4.547051e-01
3.498881209614918e-06	4.532783e-01
3.499268866472683e-06	4.520271e-01
3.500044180188215e-06	4.500217e-01
3.501468099272701e-06	4.472526e-01
3.503710201263447e-06	4.441632e-01
3.508194405244934e-06	4.401376e-01
3.515050758595236e-06	4.366448e-01
3.528763465295840e-06	4.338732e-01
3.549572973404880e-06	4.330025e-01
3.591191989622961e-06	4.330183e-01
3.644230547706364e-06	4.330315e-01
3.741886797706364e-06	4.330327e-01
3.839543047706363e-06	4.330326e-01
3.937199297706362e-06	4.330323e-01
4.034855547706362e-06	4.330319e-01
4.132511797706361e-06	4.330312e-01
4.230168047706361e-06	4.330312e-01
4.327824297706360e-06	4.330319e-01
4.425480547706359e-06	4.330319e-01
4.523136797706359e-06	4.330315e-01
4.620793047706358e-06	4.330319e-01
4.718449297706358e-06	4.330319e-01
4.816105547706357e-06	4.330311e-01
4.864765366513625e-06	4.330308e-01
4.915213050119270e-06	4.330313e-01
4.936664652522278e-06	4.330318e-01
4.971996163378173e-06	4.330326e-01
5.016878157902302e-06	4.330329e-01
5.075407281698311e-06	4.330328e-01
5.173063531698311e-06	4.330329e-01
5.270719781698310e-06	4.330325e-01
5.368376031698309e-06	4.330322e-01
5.466032281698309e-06	4.330322e-01
5.563688531698308e-06	4.330322e-01
5.759001031698307e-06	4.330322e-01
5.856657281698306e-06	4.418146e-01
5.909067493668803e-06	4.877209e-01
5.909347119530525e-06	5.287668e-01
5.909906371253967e-06	7.250981e-01
5.910728922471908e-06	1.101908e+00
5.911587138992500e-06	1.581208e+00
5.912959182124620e-06	2.469569e+00
5.914418526957829e-06	3.473417e+00
5.916536853454797e-06	4.833510e+00
5.918500027917600e-06	5.819394e+00
5.919221117330350e-06	5.988267e+00
5.919957939099055e-06	6.001610e+00
5.920453990235736e-06	5.998328e+00
5.921028551068986e-06	6.000185e+00
5.921908741421603e-06	5.999988e+00
5.922711946542551e-06	6.000009e+00
5.925225545213320e-06	6.000001e+00
5.927631610953353e-06	6.000000e+00
5.930037676693387e-06	6.000000e+00
5.932443742433421e-06	6.000000e+00
5.934849808173453e-06	5.999999e+00
5.937255873913487e-06	5.999999e+00
5.939661939653521e-06	6.000000e+00
5.942068005393555e-06	6.000000e+00
5.952760695319953e-06	6.000000e+00
5.973771037387188e-06	6.000000e+00
6.013911544792083e-06	6.000000e+00
6.090320990285483e-06	6.000000e+00
6.187977240285483e-06	6.000000e+00
6.285633490285482e-06	6.000000e+00
6.383289740285481e-06	6.000000e+00
6.480945990285481e-06	6.000000e+00
6.578602240285480e-06	6.000000e+00
6.676258490285480e-06	6.000000e+00
6.773914740285479e-06	6.000000e+00
6.871570990285478e-06	6.000000e+00
6.969227240285478e-06	6.000000e+00
7.066883490285477e-06	6.000000e+00
7.164539740285477e-06	6.000000e+00
7.262195990285476e-06	6.000000e+00
7.308063542306103e-06	6.000000e+00
7.346033335862551e-06	6.000000e+00
7.363263511935421e-06	6.000000e+00
7.387799192997864e-06	6.000000e+00
7.414989184851354e-06	6.000000e+00
7.446451285677877e-06	6.000000e+00
7.491172961555719e-06	6.000000e+00
7.540394488363188e-06	6.000000e+00
7.624413572839055e-06	6.000000e+00
7.711022202307844e-06	6.000000e+00
7.808678452307844e-06	6.000000e+00
7.849745012159666e-06	5.631894e+00
7.875201865204523e-06	4.727138e+00
7.875431244298326e-06	4.630376e+00
7.875890002485936e-06	4.265623e+00
7.876807518861156e-06	3.546260e+00
7.878185558400393e-06	2.532785e+00
7.880941637478866e-06	6.312221e-01
7.880970921761473e-06	6.127678e-01
7.881029490326689e-06	5.798429e-01
7.881146627457122e-06	5.281091e-01
7.881380901717988e-06	4.722391e-01
7.881597815516967e-06	4.567827e-01
7.881815959498046e-06	4.553973e-01
7.882573860352761e-06	4.524581e-01
7.883584394825716e-06	4.498525e-01
7.885605463771628e-06	4.463001e-01
7.889647601663452e-06	4.418907e-01
7.897731877447101e-06	4.373026e-01
7.913900429014394e-06	4.339580e-01
7.938735868697636e-06	4.330015e-01
7.980124020227385e-06	4.330149e-01
8.042848893976165e-06	4.330293e-01
8.140505143976165e-06	4.330305e-01
8.238161393976164e-06	4.330309e-01
8.335817643976164e-06	4.330309e-01
8.433473893976163e-06	4.330309e-01
8.531130143976162e-06	4.330309e-01
8.628786393976162e-06	4.330309e-01
8.726442643976161e-06	4.330309e-01
8.824098893976161e-06	4.330309e-01
8.921755143976160e-06	4.330309e-01
9.019411393976159e-06	4.330309e-01
9.117067643976159e-06	4.330309e-01
9.214723893976158e-06	4.330309e-01
9.312380143976158e-06	4.330309e-01
9.410036393976157e-06	4.330309e-01
9.507692643976156e-06	4.330309e-01
9.605348893976156e-06	4.330309e-01
9.703005143976155e-06	4.330309e-01
9.752615907325925e-06	4.330309e-01
9.792061191506639e-06	4.330309e-01
9.816939922022354e-06	4.330309e-01
9.847711451451892e-06	4.330309e-01
9.886748646019973e-06	4.330309e-01
9.930511096187326e-06	4.330309e-01
9.997048330764771e-06	4.330309e-01
1.006899602273834e-05	4.330309e-01
1.016665227273833e-05	4.330309e-01
1.026430852273833e-05	4.330309e-01
1.036196477273833e-05	4.330309e-01
1.045962102273833e-05	4.330309e-01
1.065493352273834e-05	4.330309e-01
1.085024602273834e-05	4.330309e-01
1.094790227273834e-05	4.330309e-01
1.104555852273835e-05	4.330309e-01
1.114321477273835e-05	4.330309e-01
1.124087102273835e-05	4.330309e-01
1.133852727273836e-05	4.330309e-01
1.143618352273836e-05	4.330208e-01
1.148758489830874e-05	4.336100e-01
1.149658030225258e-05	4.370438e-01
1.150666906366701e-05	4.475104e-01
1.150696559416292e-05	4.483084e-01
1.150755865515473e-05	4.511831e-01
1.150846838386810e-05	5.139680e-01
1.150889491668980e-05	6.842665e-01
1.150937673915487e-05	1.060182e+00
1.150978063435700e-05	1.412516e+00
1.151022226495370e-05	1.780995e+00
1.151110552614709e-05	2.489680e+00
1.151230770682978e-05	3.384069e+00
1.151471206819515e-05	4.932991e+00
1.151657412861467e-05	5.846035e+00
1.151720852298818e-05	5.986978e+00
1.151795808681948e-05	6.001111e+00
1.151848066299100e-05	5.998952e+00
1.151906045937977e-05	6.000176e+00
1.152022005215732e-05	5.999991e+00
1.152140468971085e-05	6.000008e+00
1.152344799731041e-05	5.999998e+00
1.152611375619623e-05	6.000001e+00
1.152997748782528e-05	6.000000e+00
1.153576980560270e-05	6.000000e+00
1.154592319921466e-05	6.000000e+00
1.156457837496403e-05	6.000000e+00
1.160188872646278e-05	6.000000e+00
1.164819656937781e-05	6.000000e+00
1.174081225520788e-05	6.000000e+00
1.183846850520788e-05	6.000000e+00
1.193612475520788e-05	6.000000e+00
1.203378100520789e-05	6.000000e+00
1.213143725520789e-05	6.000000e+00
1.218457548287976e-05	6.000000e+00
1.221739328751740e-05	6.000000e+00
1.225362580941979e-05	6.000000e+00
1.227391495159940e-05	6.000000e+00
1.229681485386414e-05	6.000000e+00
1.232162738829319e-05	6.000005e+00
1.232338897108300e-05	6.000000e+00
1.232573774813610e-05	6.000000e+00
1.232914007289639e-05	6.000000e+00
1.233180806979298e-05	5.986085e+00
1.233456532195380e-05	5.621427e+00
1.233581549822340e-05	4.961077e+00
1.233695368558195e-05	4.047214e+00
1.233791135769177e-05	3.297700e+00
1.233895184355394e-05	2.532588e+00
1.234103281527829e-05	1.200310e+00
1.234254385391295e-05	5.567938e-01
1.234327746907922e-05	4.528129e-01
1.234374450436414e-05	4.512756e-01
1.234429694854227e-05	4.498228e-01
1.234509048007426e-05	4.482034e-01
1.234704074355833e-05	4.450063e-01
1.235008476778382e-05	4.416229e-01
1.235225964872864e-05	4.398383e-01
1.235514199781510e-05	4.380296e-01
1.235935283419559e-05	4.360822e-01
1.236597401207288e-05	4.343161e-01
1.237739269280227e-05	4.332937e-01
1.240022688198923e-05	4.331037e-01
1.243907979090661e-05	4.331339e-01
1.251678560874138e-05	4.331257e-01
1.261444185874138e-05	4.331030e-01
1.271209810874138e-05	4.330837e-01
1.280975435874139e-05	4.330804e-01
1.290741060874139e-05	4.330805e-01
1.300506685874139e-05	4.330804e-01
1.310272310874139e-05	4.330804e-01
1.320037935874140e-05	4.330803e-01
1.329803560874140e-05	4.330803e-01
1.339569185874140e-05	4.330802e-01
1.349334810874141e-05	4.330802e-01
1.359100435874141e-05	4.330801e-01
1.368866060874141e-05	4.330801e-01
1.378631685874141e-05	4.330800e-01
1.388397310874142e-05	4.330670e-01
1.398162935874142e-05	4.330536e-01
1.407928560874142e-05	4.330662e-01
1.417694185874142e-05	4.330793e-01
1.427459810874143e-05	4.330667e-01
1.437225435874143e-05	4.330535e-01
1.446991060874143e-05	4.330660e-01
1.456756685874144e-05	4.330770e-01
1.464841985408431e-05	4.330584e-01
1.469378777482460e-05	4.330389e-01
1.474105794064308e-05	4.330355e-01
1.476042421727696e-05	4.330581e-01
1.479692498814487e-05	4.331016e-01
1.483810413414825e-05	4.331020e-01
1.489545441936187e-05	4.330989e-01
1.499089971347921e-05	4.331045e-01
1.508828468615476e-05	4.330899e-01
1.518594093615476e-05	4.330796e-01
1.528359718615476e-05	4.330790e-01
1.538125343615477e-05	4.330788e-01
1.557656593615477e-05	4.330787e-01
1.577187843615478e-05	4.330786e-01
1.586953468615478e-05	4.330786e-01
1.596719093615478e-05	4.330786e-01
1.606484718615479e-05	4.330785e-01
1.616250343615479e-05	4.330785e-01
1.626015968615479e-05	4.330785e-01
1.635781593615479e-05	4.330657e-01
1.645547218615480e-05	4.330404e-01
1.655312843615480e-05	4.330403e-01
1.665078468615480e-05	4.330653e-01
1.674844093615481e-05	4.340934e-01
1.675499234940316e-05	4.337876e-01
1.676809517589988e-05	4.330388e-01
1.679430082889331e-05	4.343523e-01
1.682657595710582e-05	5.069612e-01
1.684148316632987e-05	6.715806e-01
1.684161565427575e-05	7.061846e-01
1.684188063016749e-05	8.414806e-01
1.684241058195096e-05	1.114640e+00
1.684323966496091e-05	1.540158e+00
1.684489783098080e-05	2.392730e+00
1.684821416302057e-05	4.098224e+00
1.685055901443410e-05	5.281730e+00
1.685114522728749e-05	5.561025e+00
1.685168581247568e-05	5.793393e+00
1.685206668140000e-05	5.921937e+00
1.685237976544155e-05	5.979270e+00
1.685330239188953e-05	5.999873e+00
1.685593123890257e-05	6.000001e+00
1.685964024875760e-05	6.000000e+00
1.686653768624668e-05	6.000000e+00
1.687290623372288e-05	6.000000e+00
1.688405176890747e-05	6.000000e+00
1.690539504409686e-05	6.000000e+00
1.694808159447565e-05	6.000000e+00
1.695088721014917e-05	6.000000e+00
1.695649844149621e-05	6.000000e+00
1.696772090419030e-05	6.000000e+00
1.698501081449972e-05	6.000000e+00
1.698528872583126e-05	6.000000e+00
1.698584454849434e-05	6.000000e+00
1.698695619382050e-05	6.000000e+00
1.698917948447281e-05	6.000000e+00
1.699076458865066e-05	6.000000e+00
1.699203047680491e-05	6.000000e+00
1.699272152146648e-05	5.919858e+00
1.699352217403907e-05	5.611656e+00
1.699417004213719e-05	5.221286e+00
1.699484212206535e-05	4.763769e+00
1.699618628192168e-05	3.822000e+00
1.699887460163432e-05	1.954118e+00
1.700102168959838e-05	6.577795e-01
1.700167496457366e-05	4.701791e-01
1.700232569116448e-05	4.529619e-01
1.700290894644879e-05	4.510791e-01
1.700352425952487e-05	4.495162e-01
1.700465480668550e-05	4.473032e-01
1.700718766303186e-05	4.441213e-01
1.700972051937822e-05	4.414129e-01
1.701225337572459e-05	4.391779e-01
1.701478623207095e-05	4.374164e-01
1.701731908841731e-05	4.361284e-01
1.701985194476368e-05	4.353139e-01
1.702238480111004e-05	4.349729e-01
1.703281292143090e-05	4.335265e-01
1.705344871823026e-05	4.330778e-01
1.708304916936910e-05	4.330816e-01
1.710838886060956e-05	4.330569e-01
1.713694426911270e-05	4.330352e-01
1.715311107084121e-05	4.330297e-01
1.718069333742771e-05	4.330290e-01
1.720400837531533e-05	4.330289e-01
1.722927737303998e-05	4.330285e-01
1.726022326811305e-05	4.330291e-01
1.730118173221763e-05	4.330386e-01
1.735819950710462e-05	4.330622e-01
1.742814509715220e-05	4.330733e-01
1.752580134715220e-05	4.330716e-01
1.762345759715220e-05	4.330660e-01
1.772111384715221e-05	4.330624e-01
1.781877009715221e-05	4.330624e-01
1.791642634715221e-05	4.330625e-01
1.801408259715222e-05	4.330624e-01
1.811173884715222e-05	4.330624e-01
1.820939509715222e-05	4.330624e-01
1.830705134715222e-05	4.330623e-01
1.840470759715223e-05	4.330623e-01
1.850236384715223e-05	4.330623e-01
1.860002009715223e-05	4.330623e-01
1.869767634715224e-05	4.330623e-01
1.879533259715224e-05	4.330539e-01
1.889298884715224e-05	4.330456e-01
1.899064509715224e-05	4.330542e-01
1.908830134715225e-05	4.330624e-01
1.918595759715225e-05	4.330539e-01
1.928361384715225e-05	4.330456e-01
1.938127009715225e-05	4.330541e-01
1.947892634715226e-05	4.330614e-01
1.956606145546732e-05	4.330499e-01
1.961264076829305e-05	4.330364e-01
1.966116188834306e-05	4.330357e-01
1.968114538440149e-05	4.330495e-01
1.971755056425509e-05	4.330750e-01
1.975976892979319e-05	4.330777e-01
1.981863944138053e-05	4.330754e-01
1.991629569138053e-05	4.330778e-01
2.001395194138053e-05	4.330676e-01
2.011160819138054e-05	4.330613e-01
2.020926444138054e-05	4.330614e-01
2.030692069138054e-05	4.330615e-01
2.050223319138055e-05	4.330614e-01
2.069754569138055e-05	4.330614e-01
2.079520194138056e-05	4.330613e-01
2.089285819138056e-05	4.330613e-01
2.099051444138056e-05	4.330613e-01
2.108817069138056e-05	4.330612e-01
2.118582694138057e-05	4.330612e-01
2.128348319138057e-05	4.330531e-01
2.138113944138057e-05	4.330370e-01
2.147879569138058e-05	4.321876e-01
2.149295843399888e-05	4.330349e-01
2.151218556216492e-05	4.330296e-01
2.151768110363104e-05	4.330918e-01
2.151905498899757e-05	4.335129e-01
2.152180275973062e-05	4.356332e-01
2.152531993386590e-05	4.415160e-01
2.152955619542909e-05	7.708703e-01
2.153133591493815e-05	1.493573e+00
2.153299866060901e-05	2.695391e+00
2.153422591310513e-05	3.615205e+00
2.153565503216697e-05	4.514740e+00
2.153838797301949e-05	5.905930e+00
2.153844882890135e-05	5.929168e+00
2.153857054066508e-05	5.958354e+00
2.153873661762610e-05	5.981189e+00
2.153893238949082e-05	5.993320e+00
2.153909551412852e-05	5.997269e+00
2.154012831087784e-05	5.998784e+00
2.154116110762715e-05	5.999923e+00
2.154219390437647e-05	6.000688e+00
2.154322670112579e-05	6.001079e+00
2.154425949787511e-05	6.001094e+00
2.154529229462443e-05	6.000734e+00
2.154632509137374e-05	6.000000e+00
2.155218768926546e-05	6.000000e+00
2.156045700018596e-05	6.000000e+00
2.157699562202697e-05	6.000000e+00
2.160712343667721e-05	6.000000e+00
2.164840393349610e-05	6.000000e+00
2.173096492713389e-05	6.000000e+00
2.182862117713389e-05	6.000000e+00
2.192627742713389e-05	6.000000e+00
2.200880918680704e-05	6.000000e+00
2.205200261142228e-05	6.000000e+00
2.209383740667317e-05	6.000000e+00
2.209563466274628e-05	6.000000e+00
2.209803100417710e-05	6.000000e+00
2.210282368703875e-05	6.000000e+00
2.211240905276204e-05	6.000000e+00
2.211958526416167e-05	6.000000e+00
2.213223885495922e-05	6.000000e+00
2.213371495825551e-05	5.806663e+00
2.213533360889129e-05	5.080482e+00
2.213645931336280e-05	4.269796e+00
2.213768318626600e-05	3.312577e+00
2.213922804895826e-05	2.183677e+00
2.214117217330497e-05	8.516817e-01
2.214144908852473e-05	6.944289e-01
2.214200291896424e-05	5.090374e-01
2.214252498425417e-05	4.548126e-01
2.214402397334706e-05	4.500068e-01
2.214494995379254e-05	4.480825e-01
2.214676120653500e-05	4.452474e-01
2.214943582236775e-05	4.422167e-01
2.215344754993989e-05	4.391584e-01
2.216085548011624e-05	4.357976e-01
2.217141252586585e-05	4.337443e-01
2.219252661736506e-05	4.330229e-01
2.223475480036349e-05	4.330343e-01
2.228429316624137e-05	4.330365e-01
2.238194941624137e-05	4.330333e-01
2.247960566624138e-05	4.330345e-01
2.257726191624138e-05	4.330359e-01
2.267491816624138e-05	4.330359e-01
2.277257441624138e-05	4.330359e-01
2.287023066624139e-05	4.330359e-01
2.296788691624139e-05	4.330359e-01
2.306554316624139e-05	4.330359e-01
2.316319941624140e-05	4.330359e-01
2.326085566624140e-05	4.330359e-01
2.335851191624140e-05	4.330359e-01
2.345616816624140e-05	4.330359e-01
2.355382441624141e-05	4.330359e-01
2.365148066624141e-05	4.330359e-01
2.374913691624141e-05	4.330346e-01
2.384679316624141e-05	4.330333e-01
2.394444941624142e-05	4.330346e-01
2.404210566624142e-05	4.330359e-01
2.413976191624142e-05	4.330359e-01
2.423741816624143e-05	4.330359e-01
2.433507441624143e-05	4.330359e-01
2.443273066624143e-05	4.330352e-01
2.448974029224496e-05	4.330335e-01
2.452737023167507e-05	4.330316e-01
2.457058538860948e-05	4.330319e-01
2.459676742320379e-05	4.330340e-01
2.463110559127205e-05	4.330364e-01
2.467185822342072e-05	4.330376e-01
2.473371028088274e-05	4.330379e-01
2.481245306556281e-05	4.330378e-01
2.491010931556281e-05	4.330369e-01
2.500776556556281e-05	4.330361e-01
2.510542181556282e-05	4.330358e-01
2.520307806556282e-05	4.330358e-01
2.539839056556282e-05	4.330358e-01
2.559370306556283e-05	4.330358e-01
2.569135931556283e-05	4.330357e-01
2.578901556556284e-05	4.330357e-01
2.588667181556284e-05	4.330242e-01
2.593908145783238e-05	4.326679e-01
2.594365909455113e-05	4.330316e-01
2.594976261017613e-05	4.330313e-01
2.596305482129988e-05	4.330229e-01
2.596522518104739e-05	4.330214e-01
2.596956590054240e-05	4.340866e-01
2.597556887103915e-05	4.406940e-01
2.598030612123199e-05	8.116707e-01
2.598250056226305e-05	1.680923e+00
2.598457969959252e-05	3.140899e+00
2.598586592614216e-05	4.066122e+00
2.598758607251361e-05	5.131720e+00
2.598905858508577e-05	5.853650e+00
2.598956331799999e-05	5.982189e+00
2.599003842232294e-05	6.002435e+00
2.599055831467009e-05	5.999811e+00
2.599195509731847e-05	5.999998e+00
2.599410848870367e-05	6.000000e+00
2.599764294261985e-05	6.000000e+00
2.600390116167241e-05	6.000000e+00
2.600946904587341e-05	6.000000e+00
2.601888389189440e-05	6.000000e+00
2.603641433855146e-05	6.000000e+00
2.607147523186557e-05	6.000000e+00
2.611942194727862e-05	6.000000e+00
2.621531537810471e-05	6.000000e+00
2.631297162810472e-05	6.000000e+00
2.641062787810472e-05	6.000000e+00
2.650828412810472e-05	6.000000e+00
2.660594037810472e-05	6.000000e+00
2.670359662810473e-05	6.000000e+00
2.680125287810473e-05	6.000000e+00
2.689890912810473e-05	6.000000e+00
2.694720821851594e-05	6.000000e+00
2.697696546303616e-05	6.000000e+00
2.699840521958934e-05	6.000000e+00
2.702451932829582e-05	6.000000e+00
2.704765240168527e-05	6.000000e+00
2.707251943671419e-05	6.000000e+00
2.710677603859007e-05	6.000000e+00
2.714420003320411e-05	6.000000e+00
2.720299396361689e-05	6.000000e+00
2.726589432218434e-05	6.000000e+00
2.736355057218434e-05	6.000000e+00
2.746120682218435e-05	6.000000e+00
2.755886307218435e-05	4.552060e+00
2.759907000412287e-05	1.814044e+00
2.759942024748442e-05	1.679069e+00
2.760012073420752e-05	1.217258e+00
2.760104640230731e-05	6.731809e-01
2.760157302194542e-05	4.954130e-01
2.760208643194269e-05	4.545931e-01
2.760279082240518e-05	4.519541e-01
2.760363467291676e-05	4.498339e-01
2.760523006791772e-05	4.468920e-01
2.760842085791962e-05	4.429331e-01
2.761366787088556e-05	4.389572e-01
2.762416189681745e-05	4.350858e-01
2.763984216611985e-05	4.333410e-01
2.767120270472465e-05	4.330209e-01
2.771127809447524e-05	4.330265e-01
2.779142887397642e-05	4.330306e-01
2.788908512397642e-05	4.330314e-01
2.798674137397642e-05	4.330315e-01
2.808439762397643e-05	4.330314e-01
2.818205387397643e-05	4.330314e-01
2.827971012397643e-05	4.330314e-01
2.837736637397643e-05	4.330314e-01
2.847502262397644e-05	4.330314e-01
2.857267887397644e-05	4.330314e-01
2.867033512397644e-05	4.330313e-01
2.876799137397645e-05	4.330311e-01
2.886564762397645e-05	4.330311e-01
2.896330387397645e-05	4.330311e-01
2.906096012397645e-05	4.330311e-01
2.915861637397646e-05	4.330313e-01
2.925627262397646e-05	4.330314e-01
2.935392887397646e-05	4.330313e-01
2.940710258896680e-05	4.330313e-01
2.944479437765938e-05	4.330310e-01
2.947796777094722e-05	4.330311e-01
2.950835916156139e-05	4.330313e-01
2.954188628508234e-05	4.330313e-01
2.958595917785172e-05	4.330314e-01
2.965023048055607e-05	4.330316e-01
2.972353802121303e-05	4.330316e-01
2.982119427121303e-05	4.330315e-01
2.991885052121304e-05	4.330314e-01
3.001650677121304e-05	4.330314e-01
3.011416302121304e-05	4.330314e-01
3.021181927121304e-05	4.330314e-01
3.030947552121305e-05	1.780110e+00
3.034782875358212e-05	4.262482e+00
3.034811877141785e-05	4.370129e+00
3.034869880708931e-05	4.733414e+00
3.034985887843223e-05	5.418571e+00
3.035047668649441e-05	5.743368e+00
3.035087074083009e-05	5.899193e+00
3.035125441374815e-05	5.978708e+00
3.035202496827527e-05	5.999892e+00
3.035259480495804e-05	6.000002e+00
3.035322473120000e-05	6.000000e+00
3.035409664033711e-05	6.000000e+00
3.035515666567748e-05	6.000000e+00
3.035654604994051e-05	6.000000e+00
3.035835416157355e-05	6.000000e+00
3.036069917748380e-05	6.000000e+00
3.036382771495115e-05	6.000000e+00
3.036855029625750e-05	6.000000e+00
3.037603926182160e-05	6.000000e+00
3.038970610215793e-05	6.000000e+00
3.041703978283058e-05	6.000000e+00
3.045513765302366e-05	6.000000e+00
3.053133339340980e-05	6.000000e+00
3.062898964340980e-05	6.000000e+00
3.072664589340980e-05	6.000000e+00
3.082430214340981e-05	6.000000e+00
3.101961464340981e-05	6.000000e+00
3.111727089340982e-05	6.000000e+00
3.121492714340982e-05	6.000000e+00
3.131258339340982e-05	6.000000e+00
3.141023964340982e-05	6.000000e+00
3.150789589340983e-05	6.000000e+00
3.160555214340983e-05	6.000000e+00
3.170320839340983e-05	6.000000e+00
3.180086464340984e-05	6.000000e+00
3.185167890741263e-05	6.000000e+00
3.188189084130792e-05	6.000000e+00
3.190968173667046e-05	6.000000e+00
3.193323843409393e-05	6.000000e+00
3.195631023850019e-05	6.000000e+00
3.198119752202886e-05	6.000000e+00
3.201822189226862e-05	6.000000e+00
3.205811857357848e-05	6.000000e+00
3.212608667081534e-05	6.000000e+00
3.219658917363492e-05	6.000000e+00
3.229424542363493e-05	6.000000e+00
3.239190167363493e-05	6.000000e+00
3.248955792363493e-05	6.000000e+00
3.258721417363493e-05	6.000000e+00
3.268487042363494e-05	6.000000e+00
3.278252667363494e-05	6.000000e+00
3.288018292363494e-05	6.000000e+00
3.297783917363495e-05	6.000000e+00
3.307549542363495e-05	6.000000e+00
3.317315167363495e-05	5.013642e+00
3.320520805948854e-05	3.308927e+00
3.320543124092371e-05	3.216642e+00
3.320587760379404e-05	2.886797e+00
3.320677032953470e-05	2.244786e+00
3.320818080974602e-05	1.280917e+00
3.320927168710792e-05	6.413620e-01
3.320978527324329e-05	4.846247e-01
3.321035220056709e-05	4.541245e-01
3.321115378252796e-05	4.512775e-01
3.321206143334166e-05	4.491127e-01
3.321294826175690e-05	4.473845e-01
3.321463587669767e-05	4.448794e-01
3.321676591194337e-05	4.424365e-01
3.322001833772369e-05	4.397522e-01
3.322476181392160e-05	4.370694e-01
3.323234177983662e-05	4.347252e-01
3.324573852556987e-05	4.333644e-01
3.327253201703638e-05	4.330420e-01
3.331246701079869e-05	4.330512e-01
3.339233699832333e-05	4.330513e-01
3.348999324832333e-05	4.330475e-01
3.358764949832334e-05	4.330401e-01
3.368530574832334e-05	4.330363e-01
3.378296199832334e-05	4.330394e-01
3.388061824832335e-05	4.330394e-01
3.397827449832335e-05	4.330363e-01
3.407593074832335e-05	4.330394e-01
3.417358699832335e-05	4.330425e-01
3.427124324832336e-05	4.330411e-01
3.432301383917068e-05	4.330363e-01
3.436141752409716e-05	4.330319e-01
3.439090842180017e-05	4.330336e-01
3.442582512358450e-05	4.330404e-01
3.445852121581631e-05	4.330442e-01
3.450598986763801e-05	4.330463e-01
3.457208398307669e-05	4.330472e-01
3.464793462001356e-05	4.345581e-01
3.469260738311741e-05	1.027713e+00
3.470879612052557e-05	2.115039e+00
3.470899905694618e-05	2.206154e+00
3.470940492978740e-05	2.525279e+00
3.471021667546985e-05	3.142145e+00
3.471155882961906e-05	4.066866e+00
3.471424313791747e-05	5.733846e+00
3.471433564348467e-05	5.779557e+00
3.471445898424092e-05	5.833767e+00
3.471467657227826e-05	5.913096e+00
3.471490432799156e-05	5.967196e+00
3.471510882797360e-05	5.988877e+00
3.471536012918877e-05	5.996488e+00
3.471586273161913e-05	5.999485e+00
3.471686793647984e-05	6.000032e+00
3.471873138731431e-05	5.999991e+00
3.472245828898327e-05	6.000002e+00
3.472878781546342e-05	5.999999e+00
3.474144686842372e-05	6.000000e+00
3.476001613216444e-05	6.000000e+00
3.479715465964590e-05	6.000000e+00
3.483797073924734e-05	6.000000e+00
3.491960289845023e-05	6.000000e+00
3.501725914845023e-05	6.000000e+00
3.511491539845023e-05	6.000000e+00
3.531022789845024e-05	6.000000e+00
3.550554039845024e-05	6.000000e+00
3.570085289845025e-05	6.000000e+00
3.589616539845026e-05	6.000000e+00
3.599382164845026e-05	6.000000e+00
3.609147789845026e-05	6.000000e+00
3.618913414845026e-05	6.000000e+00
3.628679039845027e-05	6.000000e+00
3.638444664845027e-05	6.000000e+00
3.648210289845027e-05	6.000000e+00
3.657975914845028e-05	6.000000e+00
3.667741539845028e-05	6.000000e+00
3.674220480060872e-05	6.000000e+00
3.678214345983900e-05	6.000000e+00
3.682082318608218e-05	6.000000e+00
3.683723008172333e-05	6.000000e+00
3.686355157048791e-05	6.000000e+00
3.688803408875525e-05	6.000000e+00
3.691727222729869e-05	6.000000e+00
3.695563158051354e-05	6.000000e+00
3.699857549495236e-05	6.000000e+00
3.706649100261659e-05	6.000000e+00
3.713810074736354e-05	6.000000e+00
3.723575699736354e-05	6.000000e+00
3.733341324736354e-05	6.000000e+00
3.743106949736355e-05	6.000000e+00
3.752872574736355e-05	6.000000e+00
3.762638199736355e-05	6.000000e+00
3.772403824736356e-05	6.000000e+00
3.782169449736356e-05	6.000000e+00
3.791935074736356e-05	6.000000e+00
3.801700699736356e-05	6.000000e+00
3.811466324736357e-05	6.000000e+00
3.821231949736357e-05	6.000000e+00
3.830997574736357e-05	6.000000e+00
3.840763199736357e-05	6.000000e+00
3.850528824736358e-05	6.000000e+00
3.860294449736358e-05	6.000000e+00
3.865069757635286e-05	6.000008e+00
3.866263584610018e-05	6.000007e+00
3.868651238559482e-05	6.000000e+00
3.868862558643238e-05	6.000000e+00
3.869285198810751e-05	6.000000e+00
3.869289078913380e-05	6.000000e+00
3.869296839118635e-05	6.000000e+00
3.869312359529148e-05	6.000000e+00
3.869331965691954e-05	5.999072e+00
3.869364183897615e-05	5.926882e+00
3.869428620308936e-05	5.541620e+00
3.869492929920715e-05	5.031264e+00
3.869575518316064e-05	4.357467e+00
3.869697477013956e-05	3.412005e+00
3.869938366952935e-05	1.727197e+00
3.870146968988476e-05	5.886742e-01
3.870207153696917e-05	4.543164e-01
3.870257499309851e-05	4.523104e-01
3.870316730765215e-05	4.506723e-01
3.870435193675943e-05	4.480893e-01
3.870803326505547e-05	4.429985e-01
3.871630627119604e-05	4.372043e-01
3.872466839134762e-05	4.346623e-01
3.873894942008927e-05	4.333110e-01
3.876751147757255e-05	4.330374e-01
3.880716880501686e-05	4.330451e-01
3.888648345990547e-05	4.330461e-01
3.898413970990547e-05	4.330437e-01
3.908179595990548e-05	4.330405e-01
3.917945220990548e-05	1.484719e+00
3.923163016664082e-05	3.705112e+00
3.923191501826903e-05	3.772934e+00
3.923248472152546e-05	4.028258e+00
3.923362412803831e-05	4.609777e+00
3.923540376134620e-05	5.465581e+00
3.923692855301256e-05	5.931142e+00
3.923766683265828e-05	5.999908e+00
3.923849024254046e-05	5.999998e+00
3.923888753814262e-05	5.999981e+00
3.923939548236636e-05	6.000000e+00
3.924041137081385e-05	6.000000e+00
3.924217938191548e-05	6.000000e+00
3.924501987547229e-05	6.000000e+00
3.925070086258590e-05	6.000000e+00
3.925889913917208e-05	6.000000e+00
3.927529569234444e-05	6.000000e+00
3.930443569105417e-05	6.000000e+00
3.934165008536258e-05	6.000000e+00
3.938102693492903e-05	6.000000e+00
3.942918568875777e-05	6.000000e+00
3.949167902072309e-05	6.000000e+00
3.958455803981010e-05	6.000000e+00
3.968221428981010e-05	6.000000e+00
3.977987053981011e-05	6.000000e+00
3.987752678981011e-05	6.000000e+00
3.997518303981011e-05	6.000000e+00
4.026815178981012e-05	6.000000e+00
4.046346428981013e-05	6.000000e+00
4.065877678981013e-05	6.000000e+00
4.085408928981014e-05	6.000000e+00
4.095174553981014e-05	6.000000e+00
4.104940178981014e-05	6.000000e+00
4.114705803981014e-05	6.000000e+00
4.124471428981015e-05	6.000000e+00
4.134237053981015e-05	6.000000e+00
4.144002678981015e-05	6.000000e+00
4.153768303981016e-05	6.000000e+00
4.163533928981016e-05	6.000000e+00
4.168285830499844e-05	6.000000e+00
4.171232855803073e-05	6.000000e+00
4.173231210676250e-05	6.000000e+00
4.175706756372225e-05	6.000000e+00
4.177974743875425e-05	6.000000e+00
4.180444901952396e-05	6.000000e+00
4.183607564358854e-05	6.000000e+00
4.187180824791920e-05	6.000000e+00
4.192408908034175e-05	6.000000e+00
4.198069177168770e-05	6.000000e+00
4.207834802168771e-05	6.000000e+00
4.217600427168771e-05	6.000000e+00
4.227366052168771e-05	6.000000e+00
4.237131677168772e-05	6.000000e+00
4.246897302168772e-05	6.000000e+00
4.256662927168772e-05	6.000000e+00
4.266428552168772e-05	6.000000e+00
4.276194177168773e-05	6.000000e+00
4.285959802168773e-05	6.000000e+00
4.295725427168773e-05	6.000000e+00
4.305491052168774e-05	6.000000e+00
4.315256677168774e-05	6.000000e+00
4.325022302168774e-05	6.000000e+00
4.334787927168774e-05	6.000000e+00
4.344553552168775e-05	6.000000e+00
4.354319177168775e-05	6.000000e+00
4.364084802168775e-05	6.000000e+00
4.373850427168775e-05	5.075232e+00
4.378074734286633e-05	3.288349e+00
4.378099674549653e-05	3.207218e+00
4.378149555075692e-05	2.909655e+00
4.378249316127769e-05	2.293130e+00
4.378448488130779e-05	1.035261e+00
4.378498281131532e-05	7.330344e-01
4.378547325197511e-05	5.102084e-01
4.378578668755462e-05	4.569425e-01
4.378606220506055e-05	4.551181e-01
4.378679943778758e-05	4.522159e-01
4.378873707371876e-05	4.476830e-01
4.379127606265893e-05	4.439629e-01
4.379579719499964e-05	4.397915e-01
4.380469333603013e-05	4.354751e-01
4.381357041025096e-05	4.337264e-01
4.383042028851577e-05	4.330668e-01
4.386412004504541e-05	4.330843e-01
4.390565056798567e-05	4.330758e-01
4.397854025017404e-05	4.330638e-01
4.402020858483764e-05	4.322232e-01
4.402151072029588e-05	4.324765e-01
4.402411499121235e-05	4.330349e-01
4.402932353304529e-05	4.330330e-01
4.403688494322978e-05	4.340700e-01
4.404919442135976e-05	4.415284e-01
4.405587562924480e-05	4.509121e-01
4.405596358539782e-05	4.511603e-01
4.405613949770387e-05	4.518822e-01
4.405649132231598e-05	4.540575e-01
4.405719497154019e-05	5.312846e-01
4.405752012382773e-05	6.871535e-01
4.405785311524357e-05	9.493194e-01
4.405833171979787e-05	1.342713e+00
4.405881455461292e-05	1.734517e+00
4.405968128526455e-05	2.426078e+00
4.406080621821306e-05	3.269929e+00
4.406305608411010e-05	4.673011e+00
4.406587628472313e-05	5.887985e+00
4.406662537119249e-05	6.002600e+00
4.406724408415904e-05	5.998489e+00
4.406796671821208e-05	6.000399e+00
4.406941198631819e-05	5.999975e+00
4.407333049861950e-05	5.999992e+00
4.408109975671629e-05	5.999996e+00
4.408905488936351e-05	6.000002e+00
4.410240195478779e-05	6.000000e+00
4.412412021533304e-05	6.000000e+00
4.414744370947665e-05	6.000000e+00
4.417115907274190e-05	6.000000e+00
4.419930969855165e-05	6.000000e+00
4.422986489405461e-05	6.000000e+00
4.426381199393968e-05	6.000000e+00
4.430920386147299e-05	6.000000e+00
4.435860725890788e-05	6.000000e+00
4.444453974084983e-05	6.000000e+00
4.453458831034970e-05	6.000000e+00
4.463224456034970e-05	6.000000e+00
4.472990081034971e-05	6.000000e+00
4.482755706034971e-05	6.000000e+00
4.502286956034971e-05	6.000000e+00
4.521818206034972e-05	6.000000e+00
4.541349456034973e-05	6.000000e+00
4.560880706034973e-05	6.000000e+00
4.580411956034974e-05	6.000000e+00
4.590177581034974e-05	6.000000e+00
4.599943206034974e-05	6.000000e+00
4.609708831034974e-05	6.000000e+00
4.619474456034975e-05	6.000000e+00
4.629240081034975e-05	6.000000e+00
4.639005706034975e-05	6.000000e+00
4.648771331034976e-05	6.000000e+00
4.656837812522383e-05	6.000000e+00
4.661140063594295e-05	6.000000e+00
4.665291816138304e-05	6.000000e+00
4.667017200356928e-05	6.000000e+00
4.669508884001496e-05	6.000000e+00
4.672126127143555e-05	6.000000e+00
4.675092212040575e-05	6.000000e+00
4.679170237831597e-05	6.000000e+00
4.683664253698504e-05	6.000000e+00
4.690894071193368e-05	6.000000e+00
4.698444872240266e-05	6.000000e+00
4.708210497240266e-05	6.000000e+00
4.717976122240266e-05	6.000000e+00
4.727741747240266e-05	6.000000e+00
4.737507372240267e-05	6.000000e+00
4.747272997240267e-05	6.000000e+00
4.757038622240267e-05	6.000000e+00
4.766804247240268e-05	6.000000e+00
4.776569872240268e-05	6.000000e+00
4.786335497240268e-05	6.000000e+00
4.796101122240268e-05	6.000000e+00
4.805866747240269e-05	6.000000e+00
4.815632372240269e-05	6.000000e+00
4.825397997240269e-05	6.000000e+00
4.830635188479356e-05	5.999983e+00
4.830787776369980e-05	5.999988e+00
4.831092952151231e-05	6.000000e+00
4.831703303713731e-05	6.000000e+00
4.832697931300272e-05	6.000001e+00
4.832787616341482e-05	6.000001e+00
4.832966986423903e-05	6.000000e+00
4.833175613943151e-05	6.000000e+00
4.833385490645293e-05	6.000000e+00
4.833509596025477e-05	6.000000e+00
4.833578680556913e-05	5.938986e+00
4.833652724535960e-05	5.671142e+00
4.833710276041499e-05	5.276516e+00
4.833770860148429e-05	4.779059e+00
4.833880451067377e-05	3.907833e+00
4.834099632905275e-05	2.271886e+00
4.834279281007256e-05	1.022318e+00
4.834324193032752e-05	7.428612e-01
4.834375425052205e-05	5.114393e-01
4.834407549457679e-05	4.569677e-01
4.834435750325906e-05	4.550827e-01
4.834465339028029e-05	4.538074e-01
4.834512028146546e-05	4.520692e-01
4.834711823669060e-05	4.474856e-01
4.834972510005043e-05	4.437504e-01
4.835434061523849e-05	4.395970e-01
4.836354357320985e-05	4.353183e-01
4.837281670885274e-05	4.336519e-01
4.839057644885027e-05	4.330339e-01
4.842609592884534e-05	4.330698e-01
4.847156346433069e-05	4.330825e-01
4.856249853530139e-05	4.330806e-01
4.866015478530140e-05	4.330620e-01
4.875781103530140e-05	4.330443e-01
4.885546728530140e-05	4.330506e-01
4.895312353530140e-05	4.330507e-01
4.905077978530141e-05	4.330335e-01
4.909909869398269e-05	4.330291e-01
4.914985963712132e-05	4.330332e-01
4.916973829595202e-05	4.330459e-01
4.920758267223825e-05	4.330710e-01
4.925090787636747e-05	4.330721e-01
4.931540386360700e-05	4.322397e-01
4.931808810966639e-05	4.324775e-01
4.932345660178516e-05	4.330243e-01
4.933419358602273e-05	4.369858e-01
4.934995738484384e-05	4.527994e-01
4.935006719159557e-05	4.532102e-01
4.935028680509905e-05	4.555262e-01
4.935072603210598e-05	5.155895e-01
4.935095834363261e-05	6.417559e-01
4.935119736384044e-05	8.487502e-01
4.935152845637126e-05	1.145186e+00
4.935186334931456e-05	1.434426e+00
4.935253313520116e-05	1.990109e+00
4.935320182048211e-05	2.524497e+00
4.935434674481559e-05	3.377585e+00
4.935643176943849e-05	4.640449e+00
4.935938264741416e-05	5.844123e+00
4.936022870655737e-05	5.995367e+00
4.936088990968219e-05	6.003965e+00
4.936292031236154e-05	6.000085e+00
4.936415135495787e-05	5.999888e+00
4.936608754903340e-05	6.000025e+00
4.936845456716573e-05	5.999985e+00
4.937156405279678e-05	6.000010e+00
4.938404398621608e-05	6.000003e+00
4.939809209894876e-05	5.999998e+00
4.942618832441415e-05	6.000000e+00
4.946472670300911e-05	5.999999e+00
4.954180346019904e-05	6.000000e+00
4.963945971019904e-05	6.000000e+00
4.973711596019905e-05	6.000000e+00
4.983477221019905e-05	6.000000e+00
5.003008471019905e-05	6.000000e+00
5.022539721019906e-05	6.000000e+00
5.042070971019907e-05	6.000000e+00
5.061602221019907e-05	6.000000e+00
5.071367846019907e-05	6.000000e+00
5.081133471019908e-05	6.000000e+00
5.090899096019908e-05	6.000000e+00
5.100664721019908e-05	6.000000e+00
5.110430346019908e-05	6.000000e+00
5.120195971019909e-05	6.000000e+00
5.129961596019909e-05	6.000000e+00
5.139727221019909e-05	6.000000e+00
5.149492846019910e-05	6.000000e+00
5.154080903129421e-05	6.000000e+00
5.157831838665191e-05	5.999999e+00
5.159559368360511e-05	6.000000e+00
5.162004306548120e-05	6.000000e+00
5.164726189409939e-05	6.000000e+00
5.167821356382486e-05	6.000000e+00
5.172221710644058e-05	6.000000e+00
5.177061026542827e-05	6.000000e+00
5.185232239598796e-05	6.000000e+00
5.193690829851951e-05	6.000000e+00
5.203456454851952e-05	6.000000e+00
5.213222079851952e-05	6.000000e+00
5.222987704851952e-05	6.000000e+00
5.232753329851952e-05	6.000000e+00
5.242518954851953e-05	6.000000e+00
5.252284579851953e-05	6.000000e+00
5.262050204851953e-05	6.000000e+00
5.271815829851953e-05	4.459105e+00
5.276046068689085e-05	1.451684e+00
5.276095173466669e-05	1.265284e+00
5.276193383021839e-05	6.844589e-01
5.276246476340361e-05	4.984520e-01
5.276297472787413e-05	4.546916e-01
5.276327304897625e-05	4.533591e-01
5.276367488551925e-05	4.520288e-01
5.276447855860526e-05	4.499403e-01
5.276566017351378e-05	4.475994e-01
5.276802340333082e-05	4.443269e-01
5.277274986296491e-05	4.401891e-01
5.278220278223307e-05	4.359740e-01
5.279838538683874e-05	4.336214e-01
5.283075059605007e-05	4.330122e-01
5.286673867945713e-05	4.330201e-01
5.293871484627125e-05	4.330296e-01
5.303637109627125e-05	4.330307e-01
5.313402734627125e-05	4.330310e-01
5.323168359627126e-05	4.330310e-01
5.332933984627126e-05	4.330309e-01
5.342699609627126e-05	4.330309e-01
5.352465234627126e-05	4.330309e-01
5.362230859627127e-05	4.330310e-01
5.371996484627127e-05	4.330310e-01
5.381762109627127e-05	4.330310e-01
5.391527734627128e-05	4.330310e-01
5.397048541449616e-05	4.330310e-01
5.400723525498312e-05	4.330310e-01
5.405008315502356e-05	4.330310e-01
5.407967083632245e-05	4.330310e-01
5.411351694787751e-05	4.330309e-01
5.415593594706484e-05	4.330310e-01
5.422135070635738e-05	4.330310e-01
5.430069466871974e-05	4.330310e-01
5.439835091871975e-05	4.330310e-01
5.449600716871975e-05	4.330310e-01
5.459366341871975e-05	4.330309e-01
5.469131966871975e-05	4.330309e-01
5.478897591871976e-05	4.330309e-01
5.488663216871976e-05	1.956949e+00
5.492726755818714e-05	4.838328e+00
5.492764070526217e-05	4.968102e+00
5.492838699941225e-05	5.394204e+00
5.492903961354927e-05	5.733788e+00
5.492946033333305e-05	5.905272e+00
5.492976074437315e-05	5.975091e+00
5.493001384574518e-05	5.994980e+00
5.493070152706749e-05	5.999866e+00
5.493112674734186e-05	6.000002e+00
5.493174125456356e-05	6.000000e+00
5.493251034639715e-05	6.000000e+00
5.493351477534836e-05	6.000000e+00
5.493490224366320e-05	6.000000e+00
5.493670095339821e-05	6.000000e+00
5.493920569207170e-05	6.000000e+00
5.494253001320123e-05	6.000000e+00
5.494758423195874e-05	6.000000e+00
5.495579972196274e-05	6.000000e+00
5.497112285095380e-05	6.000000e+00
5.500176910893591e-05	6.000000e+00
5.504051884935714e-05	6.000000e+00
5.511801833019963e-05	6.000000e+00
5.521567458019963e-05	6.000000e+00
5.531333083019964e-05	6.000000e+00
5.541098708019964e-05	6.000000e+00
5.560629958019965e-05	6.000000e+00
5.570395583019965e-05	6.000000e+00
5.580161208019965e-05	6.000000e+00
5.589926833019965e-05	6.000000e+00
5.599692458019966e-05	6.000000e+00
5.609458083019966e-05	6.000000e+00
5.619223708019966e-05	6.000000e+00
5.628989333019967e-05	6.000000e+00
5.638754958019967e-05	6.000000e+00
5.643371106691641e-05	6.000000e+00
5.646377188627956e-05	6.000000e+00
5.648149396672639e-05	6.000000e+00
5.650432569662803e-05	6.000000e+00
5.652717745705972e-05	6.000000e+00
5.655211892101074e-05	6.000000e+00
5.658372826841389e-05	6.000000e+00
5.661916946897880e-05	6.000000e+00
5.667055406337115e-05	6.000000e+00
5.672586044641763e-05	6.000000e+00
5.682351669641763e-05	6.000000e+00
5.692117294641764e-05	6.000000e+00
5.701882919641764e-05	6.000000e+00
5.707123934137031e-05	6.000000e+00
5.708344637262031e-05	6.000000e+00
5.708501205999375e-05	6.000000e+00
5.708814343474063e-05	6.000000e+00
5.709026408926352e-05	6.000000e+00
5.709270920178794e-05	6.000000e+00
5.709423623711308e-05	5.999408e+00
5.709507199554156e-05	5.861506e+00
5.709584560403571e-05	5.436398e+00
5.709654423959624e-05	4.877818e+00
5.709729438017288e-05	4.268931e+00
5.709870268365389e-05	3.182947e+00
5.710075937583921e-05	1.762939e+00
5.710295941324415e-05	5.909121e-01
5.710358594837390e-05	4.539505e-01
5.710410978675854e-05	4.519806e-01
5.710471495825281e-05	4.503513e-01
5.710592530124137e-05	4.479025e-01
5.710834598721847e-05	4.444042e-01
5.711217916825583e-05	4.407761e-01
5.711984553033053e-05	4.366491e-01
5.713177934331369e-05	4.339631e-01
5.715564696928001e-05	4.330009e-01
5.719571037965423e-05	4.330164e-01
5.724700134480751e-05	4.330309e-01
5.734465759480752e-05	4.330320e-01
5.744231384480752e-05	4.330319e-01
5.753997009480752e-05	4.330317e-01
5.763762634480753e-05	4.330316e-01
5.773528259480753e-05	4.330316e-01
5.783293884480753e-05	4.330316e-01
5.793059509480753e-05	4.330316e-01
5.802825134480754e-05	4.330316e-01
5.812590759480754e-05	4.330314e-01
5.822356384480754e-05	4.330313e-01
5.832122009480755e-05	4.330315e-01
5.841887634480755e-05	4.330316e-01
5.851653259480755e-05	4.330314e-01
5.861418884480755e-05	4.330313e-01
5.871184509480756e-05	4.330315e-01
5.880950134480756e-05	4.330316e-01
5.886971685986676e-05	4.330314e-01
5.890993843958262e-05	4.330311e-01
5.895320383280979e-05	4.330312e-01
5.897424269005952e-05	4.330316e-01
5.901022673701593e-05	4.330320e-01
5.904886580023762e-05	4.330321e-01
5.910771828372903e-05	4.330319e-01
5.918568399317891e-05	4.330320e-01
5.928334024317891e-05	4.330319e-01
5.938099649317891e-05	4.330317e-01
5.947865274317891e-05	4.330316e-01
5.957630899317892e-05	4.330316e-01
5.977162149317892e-05	4.330316e-01
5.996693399317893e-05	4.330316e-01
6.006459024317893e-05	4.330316e-01
6.016224649317893e-05	4.330316e-01
6.025990274317894e-05	4.330316e-01
6.035755899317894e-05	4.330316e-01
6.045521524317894e-05	4.330215e-01
6.050766485076923e-05	4.328711e-01
6.051224248748798e-05	4.330310e-01
6.053163716374507e-05	4.333565e-01
6.053380542250924e-05	4.346061e-01
6.053681361420619e-05	4.377612e-01
6.053918748594230e-05	4.419387e-01
6.054164865182759e-05	4.492065e-01
6.054320147313338e-05	5.973023e-01
6.054395188347263e-05	9.384667e-01
6.054469647215970e-05	1.523845e+00
6.054543414714855e-05	2.136288e+00
6.054621047605229e-05	2.746858e+00
6.054756754664858e-05	3.726868e+00
6.054991286689193e-05	5.125376e+00
6.055184274261305e-05	5.893764e+00
6.055244800041065e-05	5.993670e+00
6.055293630665164e-05	6.002284e+00
6.055350823222650e-05	5.999738e+00
6.055465208337623e-05	6.000022e+00
6.055640368841993e-05	5.999993e+00
6.055913680992836e-05	6.000003e+00
6.056436250492783e-05	5.999999e+00
6.057140059978661e-05	6.000001e+00
6.058547678950415e-05	6.000000e+00
6.061098822432380e-05	6.000000e+00
6.065468378855410e-05	6.000000e+00
6.072571435288048e-05	6.000000e+00
6.081479417847311e-05	6.000000e+00
6.091245042847311e-05	6.000000e+00
6.101010667847312e-05	6.000000e+00
6.110776292847312e-05	6.000000e+00
6.120541917847312e-05	6.000000e+00
6.130307542847312e-05	6.000000e+00
6.134920552829638e-05	6.000000e+00
6.138126300968684e-05	6.000000e+00
6.139890817876672e-05	6.000000e+00
6.142221833858554e-05	6.000000e+00
6.144713090667582e-05	6.000000e+00
6.147315859361289e-05	6.000000e+00
6.150816835344453e-05	6.000013e+00
6.150877598319480e-05	6.000010e+00
6.150999124269533e-05	6.000000e+00
6.151242176169641e-05	6.000000e+00
6.151728279969856e-05	6.000000e+00
6.152530141774691e-05	6.000001e+00
6.152602409160731e-05	6.000001e+00
6.152746943932810e-05	6.000000e+00
6.153014129958300e-05	6.000000e+00
6.153257201922821e-05	6.000000e+00
6.153366973268418e-05	5.855845e+00
6.153474653472969e-05	5.354425e+00
6.153560701089835e-05	4.713348e+00
6.153652034092268e-05	3.979148e+00
6.153790818961808e-05	2.932569e+00
6.154068388700887e-05	9.769973e-01
6.154112571828229e-05	7.104030e-01
6.154165741305799e-05	5.096635e-01
6.154210414000932e-05	4.554919e-01
6.154240609262108e-05	4.539205e-01
6.154345164671851e-05	4.506485e-01
6.154539487399854e-05	4.467473e-01
6.154708437039533e-05	4.443605e-01
6.154945298651402e-05	4.418438e-01
6.155322194078132e-05	4.389879e-01
6.155824188744388e-05	4.364513e-01
6.156724655269222e-05	4.341752e-01
6.158309854235740e-05	4.331334e-01
6.161480252168779e-05	4.330403e-01
6.165417258306704e-05	4.330483e-01
6.173291270582552e-05	4.330502e-01
6.183056895582552e-05	4.330474e-01
6.192822520582553e-05	4.330431e-01
6.202588145582553e-05	4.330423e-01
6.212353770582553e-05	4.330423e-01
6.222119395582553e-05	4.330423e-01
6.231885020582554e-05	4.330423e-01
6.241650645582554e-05	4.330423e-01
6.251416270582554e-05	4.330423e-01
6.261181895582555e-05	4.330423e-01
6.270947520582555e-05	4.330422e-01
6.280713145582555e-05	4.330422e-01
6.290478770582555e-05	4.330422e-01
6.300244395582556e-05	4.330392e-01
6.310010020582556e-05	4.330332e-01
6.319775645582556e-05	4.330331e-01
6.329541270582557e-05	4.330391e-01
6.339306895582557e-05	4.330392e-01
6.349072520582557e-05	4.330360e-01
6.358838145582557e-05	4.330387e-01
6.368603770582558e-05	4.330388e-01
6.378369395582558e-05	4.330325e-01
6.383233635204964e-05	4.330304e-01
6.388267344948747e-05	4.330331e-01
6.390483494541340e-05	4.330373e-01
6.393893461234479e-05	4.330440e-01
6.398412819860978e-05	4.330463e-01
6.403996824587541e-05	4.330466e-01
6.413762449587541e-05	4.330481e-01
6.423528074587541e-05	4.330445e-01
6.433293699587541e-05	4.330419e-01
6.443059324587542e-05	4.330420e-01
6.452824949587542e-05	4.330420e-01
6.472356199587542e-05	4.330419e-01
6.491887449587543e-05	4.330419e-01
6.501653074587543e-05	4.330419e-01
6.511418699587544e-05	4.330419e-01
6.521184324587544e-05	4.330419e-01
6.530949949587544e-05	4.330419e-01
6.540715574587544e-05	4.330419e-01
6.550481199587545e-05	4.330389e-01
6.560246824587545e-05	4.330331e-01
6.570012449587545e-05	4.330330e-01
6.579778074587546e-05	4.330384e-01
6.589543699587546e-05	4.382071e-01
6.592615612093553e-05	4.473344e-01
6.592622265313521e-05	4.467793e-01
6.592684362033214e-05	4.478557e-01
6.592755329712863e-05	4.495152e-01
6.592897265072161e-05	4.637429e-01
6.592998719780481e-05	5.892317e-01
6.593055035394403e-05	8.281150e-01
6.593111469983836e-05	1.185513e+00
6.593175106492599e-05	1.600749e+00
6.593281916493141e-05	2.309134e+00
6.593460626201879e-05	3.483640e+00
6.593768898336391e-05	5.433222e+00
6.593794128484762e-05	5.573446e+00
6.593844588781505e-05	5.809159e+00
6.593878107753337e-05	5.927009e+00
6.593911632654156e-05	5.983674e+00
6.593947279788931e-05	5.998302e+00
6.594018574058480e-05	5.999958e+00
6.594454626465831e-05	6.000001e+00
6.595256726439825e-05	6.000000e+00
6.596038634309982e-05	6.000000e+00
6.597376013965242e-05	6.000000e+00
6.600050773275762e-05	6.000000e+00
6.603981122912111e-05	6.000000e+00
6.610055806303699e-05	6.000000e+00
6.613396809749454e-05	5.999998e+00
6.614232060610893e-05	5.999998e+00
6.615902562333771e-05	6.000000e+00
6.616543441608591e-05	6.000000e+00
6.616551535929132e-05	6.000000e+00
6.616567724570215e-05	5.997115e+00
6.616600101852378e-05	5.923565e+00
6.616653779840378e-05	5.609125e+00
6.616723028770726e-05	5.063524e+00
6.616799734753860e-05	4.440023e+00
6.616929232903292e-05	3.436524e+00
6.617188229202159e-05	1.622494e+00
6.617379249163431e-05	5.894522e-01
6.617441688044708e-05	4.543189e-01
6.617490756131009e-05	4.523458e-01
6.617548058271507e-05	4.507590e-01
6.617662662552505e-05	4.481977e-01
6.618232702705725e-05	4.410996e-01
6.618587175478159e-05	4.385950e-01
6.619144447229862e-05	4.360013e-01
6.620042907518339e-05	4.339415e-01
6.621809300234497e-05	4.330525e-01
6.624061145425088e-05	4.330346e-01
6.626434353460417e-05	4.330333e-01
6.628155363155984e-05	4.330292e-01
6.630797919281609e-05	4.330291e-01
6.633517200645497e-05	4.330294e-01
6.636094791512188e-05	4.330299e-01
6.638859894055361e-05	4.330342e-01
6.642416421608297e-05	4.330404e-01
6.648491701725213e-05	4.330386e-01
6.654077180926659e-05	4.330432e-01
6.663842805926659e-05	4.330536e-01
6.673608430926659e-05	4.330505e-01
6.683374055926659e-05	4.330467e-01
6.693139680926660e-05	4.330465e-01
6.702905305926660e-05	4.330465e-01
6.712670930926660e-05	4.330465e-01
6.722436555926661e-05	4.330465e-01
6.732202180926661e-05	4.330465e-01
6.741967805926661e-05	4.330465e-01
6.751733430926661e-05	4.330464e-01
6.761499055926662e-05	4.330464e-01
6.771264680926662e-05	4.330464e-01
6.781030305926662e-05	4.330464e-01
6.790795930926663e-05	4.330423e-01
6.800561555926663e-05	4.330340e-01
6.810327180926663e-05	4.330339e-01
6.820092805926663e-05	4.330422e-01
6.829858430926664e-05	4.330424e-01
6.839624055926664e-05	4.330379e-01
6.849389680926664e-05	4.330413e-01
6.859155305926665e-05	4.330415e-01
6.868920930926665e-05	4.330324e-01
6.873751716446742e-05	4.330302e-01
6.878167893600954e-05	4.330328e-01
6.880469497011173e-05	4.330387e-01
6.883485536664683e-05	4.330472e-01
6.887993402088932e-05	4.330505e-01
6.892607356253777e-05	4.330516e-01
6.900351370115405e-05	4.330530e-01
6.908459229299327e-05	4.330503e-01
6.918224854299328e-05	4.330474e-01
6.927990479299328e-05	4.330469e-01
6.937756104299328e-05	4.330461e-01
6.947521729299329e-05	4.330459e-01
6.967052979299329e-05	4.330460e-01
6.976818604299329e-05	4.330460e-01
6.986584229299330e-05	4.330459e-01
6.996349854299330e-05	4.330459e-01
7.006115479299330e-05	4.330459e-01
7.015881104299331e-05	4.330459e-01
7.025646729299331e-05	4.330459e-01
7.035412354299331e-05	4.330459e-01
7.045177979299331e-05	4.330419e-01
7.054943604299332e-05	4.330376e-01
7.064709229299332e-05	4.330267e-01
7.069950346060686e-05	4.336268e-01
7.070102933951310e-05	4.334408e-01
7.070408109732561e-05	4.330333e-01
7.071018461295061e-05	4.332490e-01
7.072048742095341e-05	4.343271e-01
7.072141287279303e-05	4.346396e-01
7.072326377647227e-05	4.359451e-01
7.072583610066150e-05	4.387658e-01
7.072786530466874e-05	4.421387e-01
7.072996928805923e-05	4.473242e-01
7.073129962335239e-05	4.837897e-01
7.073238329638312e-05	7.155660e-01
7.073295306209061e-05	1.073830e+00
7.073351939964942e-05	1.561993e+00
7.073408582096892e-05	2.029718e+00
7.073507831974643e-05	2.810384e+00
7.073641154719852e-05	3.777161e+00
7.073847611509260e-05	5.059167e+00
7.074010509881206e-05	5.828725e+00
7.074068007348623e-05	5.972762e+00
7.074134296169036e-05	6.002771e+00
7.074186834408776e-05	5.998759e+00
7.074241886329487e-05	6.000220e+00
7.074339727337253e-05	5.999988e+00
7.074592571217784e-05	5.999998e+00
7.075045061203236e-05	6.000000e+00
7.075948777818481e-05	6.000000e+00
7.076848357881695e-05	6.000000e+00
7.078573041873928e-05	6.000000e+00
7.082022409858393e-05	6.000000e+00
7.086241659841241e-05	6.000000e+00
7.094437070330727e-05	6.000000e+00
7.104202695330728e-05	6.000000e+00
7.113968320330728e-05	6.000000e+00
7.118576936018507e-05	6.000000e+00
7.120893716552918e-05	5.999998e+00
7.120921535645625e-05	5.953802e+00
7.120977173831038e-05	5.667299e+00
7.121055255909711e-05	5.072117e+00
7.121146501046352e-05	4.327372e+00
7.121251846461947e-05	3.504911e+00
7.121462537293138e-05	1.987890e+00
7.121692928271425e-05	6.121566e-01
7.121753466945288e-05	4.556824e-01
7.121808456145809e-05	4.529431e-01
7.121870192653275e-05	4.510488e-01
7.121946979115902e-05	4.491119e-01
7.122132896437491e-05	4.457934e-01
7.122397731463134e-05	4.425304e-01
7.122800383400179e-05	4.392098e-01
7.123562123808591e-05	4.355526e-01
7.124288510897708e-05	4.339194e-01
7.125571903362868e-05	4.331141e-01
7.128138688293188e-05	4.330199e-01
7.131861607945125e-05	4.330249e-01
7.135934087801647e-05	4.330495e-01
7.141362642047950e-05	4.331029e-01
7.148556756752408e-05	4.331346e-01
7.158322381752408e-05	4.331273e-01
7.168088006752408e-05	4.331123e-01
7.177853631752409e-05	4.331045e-01
7.187619256752409e-05	4.331042e-01
7.197384881752409e-05	4.331041e-01
7.207150506752409e-05	4.331040e-01
7.216916131752410e-05	4.331039e-01
7.226681756752410e-05	4.331039e-01
7.236447381752410e-05	4.331038e-01
7.246213006752411e-05	4.331038e-01
7.255978631752411e-05	4.331037e-01
7.265744256752411e-05	4.331037e-01
7.275509881752411e-05	4.331036e-01
7.285275506752412e-05	4.330842e-01
7.295041131752412e-05	4.330644e-01
7.304806756752412e-05	4.330828e-01
7.314572381752412e-05	4.331023e-01
7.324338006752413e-05	4.330837e-01
7.334103631752413e-05	4.330643e-01
7.343869256752413e-05	4.330826e-01
7.353634881752414e-05	4.330991e-01
7.361822720810560e-05	4.330720e-01
7.366380503780110e-05	4.330429e-01
7.371128225202859e-05	4.330381e-01
7.373079593475036e-05	4.330714e-01
7.376720595178347e-05	4.331345e-01
7.380862984528984e-05	4.331354e-01
7.386610559939379e-05	4.331314e-01
7.396289371696691e-05	4.331405e-01
7.406051680910763e-05	4.331183e-01
7.415817305910763e-05	4.331028e-01
7.425582930910763e-05	4.331020e-01
7.435348555910764e-05	4.331018e-01
7.454879805910764e-05	4.331016e-01
7.474411055910765e-05	4.331015e-01
7.484176680910765e-05	4.331014e-01
7.493942305910765e-05	4.331014e-01
7.503707930910765e-05	4.331014e-01
7.513473555910766e-05	4.330671e-01
7.518714501292809e-05	4.316899e-01
7.518867089183434e-05	4.321094e-01
7.519172264964685e-05	4.330298e-01
7.519782616527185e-05	4.342487e-01
7.520476722007383e-05	4.402539e-01
7.520848243902057e-05	4.759093e-01
7.521056843797355e-05	8.490080e-01
7.521172954264188e-05	1.542963e+00
7.521266955278986e-05	2.319943e+00
7.521363573653895e-05	3.066682e+00
7.521494814953123e-05	4.006872e+00
7.521631442080514e-05	4.814168e+00
7.521904696335295e-05	6.052030e+00
7.521913144273200e-05	6.059611e+00
7.521930040149009e-05	6.029926e+00
7.521956024077605e-05	6.008655e+00
7.521983423164760e-05	6.001703e+00
7.522008881594490e-05	6.000352e+00
7.522036743307199e-05	6.000086e+00
7.522203913583458e-05	5.999999e+00
7.522419539140887e-05	6.000000e+00
7.522850790255745e-05	6.000000e+00
7.523589203057866e-05	6.000000e+00
7.525066028662107e-05	6.000000e+00
7.527267970115276e-05	6.000000e+00
7.531671853021614e-05	6.000000e+00
7.537109112294852e-05	6.000000e+00
7.546874737294853e-05	6.000000e+00
7.556640362294853e-05	6.000000e+00
7.566405987294853e-05	6.000000e+00
7.576171612294853e-05	6.000000e+00
7.585937237294854e-05	6.000000e+00
7.595702862294854e-05	6.000000e+00
7.605468487294854e-05	6.000000e+00
7.610072689785301e-05	6.000000e+00
7.613346867141332e-05	6.000000e+00
7.615111693516742e-05	6.000000e+00
7.617462195636771e-05	6.000000e+00
7.620275726118579e-05	6.000000e+00
7.622859333573528e-05	6.000000e+00
7.626572089562366e-05	6.000000e+00
7.630614330583123e-05	6.000000e+00
7.636850937951590e-05	6.000000e+00
7.643458623193524e-05	6.000000e+00
7.653224248193524e-05	6.000000e+00
7.658174849246388e-05	6.000000e+00
7.658204737763414e-05	6.000000e+00
7.658324291831519e-05	6.000000e+00
7.658483697255658e-05	6.000000e+00
7.658802508103937e-05	6.000000e+00
7.659244332243001e-05	6.000000e+00
7.659592988361768e-05	6.000000e+00
7.659791837275977e-05	6.000000e+00
7.659891179483289e-05	5.844209e+00
7.659987581725806e-05	5.336442e+00
7.660076800441952e-05	4.643501e+00
7.660217023443809e-05	3.529785e+00
7.660351790421012e-05	2.533304e+00
7.660621324375418e-05	6.745937e-01
7.660629891289586e-05	6.205816e-01
7.660647025117924e-05	5.389612e-01
7.660673246238087e-05	4.744403e-01
7.660700729604721e-05	4.563139e-01
7.660726795244641e-05	4.548208e-01
7.660754811955108e-05	4.536594e-01
7.660810845376041e-05	4.518410e-01
7.660922912217907e-05	4.491810e-01
7.661147045901639e-05	4.455540e-01
7.661595313269103e-05	4.410525e-01
7.662403633866757e-05	4.368347e-01
7.664020275062064e-05	4.338319e-01
7.666429527733811e-05	4.330058e-01
7.671083031312666e-05	4.330183e-01
7.677485308183019e-05	4.330296e-01
7.687250933183019e-05	4.330308e-01
7.697016558183019e-05	4.330311e-01
7.706782183183020e-05	4.330311e-01
7.716547808183020e-05	4.330311e-01
7.726313433183020e-05	4.330311e-01
7.736079058183020e-05	4.330311e-01
7.745844683183021e-05	4.330311e-01
7.755610308183021e-05	4.330311e-01
7.765375933183021e-05	4.330311e-01
7.775141558183021e-05	4.330310e-01
7.784907183183022e-05	4.330310e-01
7.794672808183022e-05	4.330310e-01
7.804438433183022e-05	4.330310e-01
7.814204058183023e-05	4.330310e-01
7.823969683183023e-05	4.330310e-01
7.833735308183023e-05	4.330311e-01
7.843500933183023e-05	4.330311e-01
7.853266558183024e-05	4.330310e-01
7.858132917586227e-05	4.330309e-01
7.863171555894756e-05	4.330310e-01
7.865356331331461e-05	4.330311e-01
7.868822106710565e-05	4.330311e-01
7.873333379827806e-05	4.330312e-01
7.879032835196778e-05	4.330311e-01
7.888798460196778e-05	4.330312e-01
7.898564085196778e-05	4.330311e-01
7.908329710196779e-05	4.330311e-01
7.918095335196779e-05	4.330311e-01
7.927860960196779e-05	4.330311e-01
7.937626585196779e-05	4.330311e-01
7.947392210196780e-05	4.330207e-01
7.952316863222490e-05	4.330826e-01
7.952774626894365e-05	4.330310e-01
7.953268285026362e-05	4.326443e-01
7.953761943158359e-05	4.325119e-01
7.954255601290356e-05	4.326336e-01
7.954749259422354e-05	4.330096e-01
7.955242917554351e-05	4.336397e-01
7.955736575686347e-05	4.345241e-01
7.956230233818344e-05	4.356626e-01
7.956307264947369e-05	4.361902e-01
7.956461327205418e-05	4.380922e-01
7.956618075311505e-05	4.408545e-01
7.956781644115316e-05	4.452760e-01
7.956993043725073e-05	5.281618e-01
7.957090172869357e-05	8.186032e-01
7.957168356945140e-05	1.362037e+00
7.957231525946304e-05	1.894882e+00
7.957296682974458e-05	2.418079e+00
7.957415081706804e-05	3.301889e+00
7.957651879171498e-05	4.865247e+00
7.957842777901690e-05	5.842951e+00
7.957911390332645e-05	5.990848e+00
7.957996119323016e-05	6.000045e+00
7.958034049957632e-05	6.000185e+00
7.958093852280914e-05	6.000004e+00
7.958347016072666e-05	6.000000e+00
7.958614134363037e-05	6.000000e+00
7.958978020910042e-05	6.000000e+00
7.959601683043500e-05	6.000000e+00
7.960536266684371e-05	6.000000e+00
7.962405433966113e-05	6.000000e+00
7.966143768529599e-05	6.000000e+00
7.970215743258417e-05	6.000000e+00
7.978359692716052e-05	6.000000e+00
7.988125317716053e-05	6.000000e+00
7.997890942716053e-05	6.000000e+00
7.999999999999999e-05	6.000000e+00
