Freq.	Vn001)
1.00000000000000e+01	6.65584896984423e+01	-2.42608290478841e-03
1.00200000000000e+04	6.65531691035797e+01	-2.43017966821162e+00
2.00300000000000e+04	6.65372633093635e+01	-4.85342410860761e+00
3.00400000000000e+04	6.65108749839568e+01	-7.26772184649313e+00
4.00500000000000e+04	6.64741713717736e+01	-9.66875831289371e+00
5.00600000000000e+04	6.64273805504191e+01	-1.20523909150550e+01
6.00700000000000e+04	6.63707869554962e+01	-1.44146956966420e+01
7.00800000000000e+04	6.63047257665809e+01	-1.67520096564870e+01
8.00900000000000e+04	6.62295763138931e+01	-1.90609656618767e+01
9.01000000000000e+04	6.61457548785035e+01	-2.13385185909424e+01
1.00110000000000e+05	6.60537072306249e+01	-2.35819625742324e+01
1.10120000000000e+05	6.59539011882040e+01	-2.57889397752498e+01
1.20130000000000e+05	6.58468194158862e+01	-2.79574414055928e+01
1.30140000000000e+05	6.57329526484215e+01	-3.00858018681933e+01
1.40150000000000e+05	6.56127934764270e+01	-3.21726870375329e+01
1.50160000000000e+05	6.54868307914219e+01	-3.42170777513813e+01
1.60170000000000e+05	6.53555449515401e+01	-3.62182496123867e+01
1.70180000000000e+05	6.52194036884553e+01	-3.81757501367095e+01
1.80190000000000e+05	6.50788587528741e+01	-4.00893742325045e+01
1.90200000000000e+05	6.49343432666544e+01	-4.19591388629336e+01
2.00210000000000e+05	6.47862697327831e+01	-4.37852576259463e+01
2.10220000000000e+05	6.46350286426002e+01	-4.55681158534390e+01
2.20230000000000e+05	6.44809876129442e+01	-4.73082467068388e+01
2.30240000000000e+05	6.43244909811573e+01	-4.90063086155369e+01
2.40250000000000e+05	6.41658597876848e+01	-5.06630643028459e+01
2.50260000000000e+05	6.40053920783549e+01	-5.22793615465383e+01
2.60270000000000e+05	6.38433634646286e+01	-5.38561157526675e+01
2.70280000000000e+05	6.36800278829539e+01	-5.53942943364676e+01
2.80290000000000e+05	6.35156185057052e+01	-5.68949028902634e+01
2.90300000000000e+05	6.33503487575071e+01	-5.83589730428577e+01
3.00310000000000e+05	6.31844134018273e+01	-5.97875519241988e+01
3.10320000000000e+05	6.30179896653304e+01	-6.11816931045473e+01
3.20330000000000e+05	6.28512383764412e+01	-6.25424488975004e+01
3.30340000000000e+05	6.26843050966112e+01	-6.38708638871209e+01
3.40350000000000e+05	6.25173212281355e+01	-6.51679695470225e+01
3.50360000000000e+05	6.23504050882965e+01	-6.64347798471599e+01
3.60370000000000e+05	6.21836629387737e+01	-6.76722877084299e+01
3.70380000000000e+05	6.20171899660571e+01	-6.88814622168692e+01
3.80390000000000e+05	6.18510712073205e+01	-7.00632464791548e+01
3.90400000000000e+05	6.16853824210033e+01	-7.12185560455228e+01
4.00410000000000e+05	6.15201909003551e+01	-7.23482778063629e+01
4.10420000000000e+05	6.13555562308519e+01	-7.34532692964992e+01
4.20430000000000e+05	6.11915309923690e+01	-7.45343583384288e+01
4.30440000000000e+05	6.10281614081768e+01	-7.55923429712356e+01
4.40450000000000e+05	6.08654879429606e+01	-7.66279916148808e+01
4.50460000000000e+05	6.07035458521658e+01	-7.76420434221790e+01
4.60470000000000e+05	6.05423656859951e+01	-7.86352087909982e+01
4.70480000000000e+05	6.03819737502587e+01	-7.96081699938906e+01
4.80490000000000e+05	6.02223925273952e+01	-8.05615819055869e+01
4.90500000000000e+05	6.00636410603271e+01	-8.14960728026549e+01
5.00510000000000e+05	5.99057353017272e+01	-8.24122452115126e+01
5.10520000000000e+05	5.97486884319046e+01	-8.33106768006408e+01
5.20530000000000e+05	5.95925111469254e+01	-8.41919212830059e+01
5.30540000000000e+05	5.94372119204214e+01	-8.50565093413592e+01
5.40550000000000e+05	5.92827972403455e+01	-8.59049495438969e+01
5.50560000000000e+05	5.91292718235551e+01	-8.67377292615716e+01
5.60570000000000e+05	5.89766388096902e+01	-8.75553155689732e+01
5.70580000000000e+05	5.88248999363217e+01	-8.83581561272718e+01
5.80590000000000e+05	5.86740556970736e+01	-8.91466800469375e+01
5.90600000000000e+05	5.85241054842316e+01	-8.99212987259450e+01
6.00610000000000e+05	5.83750477172626e+01	-9.06824066621420e+01
6.10620000000000e+05	5.82268799584666e+01	-9.14303822344533e+01
6.20630000000000e+05	5.80795990171558e+01	-9.21655884604770e+01
6.30640000000000e+05	5.79332010431414e+01	-9.28883737169638e+01
6.40650000000000e+05	5.77876816108763e+01	-9.35990724380664e+01
6.50660000000000e+05	5.76430357948636e+01	-9.42980057790553e+01
6.60670000000000e+05	5.74992582373060e+01	-9.49854822518896e+01
6.70680000000000e+05	5.73563432086870e+01	-9.56617983302565e+01
6.80690000000000e+05	5.72142846620573e+01	-9.63272390311556e+01
6.90700000000000e+05	5.70730762814627e+01	-9.69820784609697e+01
7.00710000000000e+05	5.69327115252971e+01	-9.76265803431502e+01
7.10720000000000e+05	5.67931836649116e+01	-9.82609985149545e+01
7.20730000000000e+05	5.66544858190072e+01	-9.88855773988206e+01
7.30740000000000e+05	5.65166109842754e+01	-9.95005524547590e+01
7.40750000000000e+05	5.63795520625604e+01	-1.00106150604026e+02
7.50760000000000e+05	5.62433018849912e+01	-1.00702590636765e+02
7.60770000000000e+05	5.61078532332974e+01	-1.01290083592074e+02
7.70780000000000e+05	5.59731988586698e+01	-1.01868833124841e+02
7.80790000000000e+05	5.58393314983627e+01	-1.02439035848753e+02
7.90800000000000e+05	5.57062438902950e+01	-1.03000881663099e+02
8.00810000000000e+05	5.55739287858435e+01	-1.03554554063886e+02
8.10820000000000e+05	5.54423789610177e+01	-1.04100230435773e+02
8.20830000000000e+05	5.53115872261899e+01	-1.04638082329668e+02
8.30840000000000e+05	5.51815464345254e+01	-1.05168275727381e+02
8.40850000000000e+05	5.50522494892455e+01	-1.05690971290683e+02
8.50860000000000e+05	5.49236893498684e+01	-1.06206324596413e+02
8.60870000000000e+05	5.47958590375045e+01	-1.06714486361963e+02
8.70880000000000e+05	5.46687516393419e+01	-1.07215602656951e+02
8.80890000000000e+05	5.45423603123933e+01	-1.07709815103404e+02
8.90900000000000e+05	5.44166782865771e+01	-1.08197261067905e+02
9.00910000000000e+05	5.42916988672345e+01	-1.08678073841127e+02
9.10920000000000e+05	5.41674154371233e+01	-1.09152382809455e+02
9.20930000000000e+05	5.40438214579499e+01	-1.09620313617962e+02
9.30940000000000e+05	5.39209104715152e+01	-1.10081988323628e+02
9.40950000000000e+05	5.37986761004928e+01	-1.10537525542205e+02
9.50960000000000e+05	5.36771120489012e+01	-1.10987040586729e+02
9.60970000000000e+05	5.35562121022917e+01	-1.11430645599779e+02
9.70980000000000e+05	5.34359701277281e+01	-1.11868449677526e+02
9.80990000000000e+05	5.33163800735115e+01	-1.12300558990049e+02
9.91000000000000e+05	5.31974359687756e+01	-1.12727076892974e+02
1.00101000000000e+06	5.30791319228952e+01	-1.13148104035144e+02
1.01102000000000e+06	5.29614621247679e+01	-1.13563738460964e+02
1.02103000000000e+06	5.28444208419785e+01	-1.13974075707754e+02
1.03104000000000e+06	5.27280024198941e+01	-1.14379208896925e+02
1.04105000000000e+06	5.26122012806451e+01	-1.14779228822891e+02
1.05106000000000e+06	5.24970119220442e+01	-1.15174224036940e+02
1.06107000000000e+06	5.23824289164984e+01	-1.15564280925621e+02
1.07108000000000e+06	5.22684469097992e+01	-1.15949483788414e+02
1.08109000000000e+06	5.21550606199517e+01	-1.16329914908932e+02
1.09110000000000e+06	5.20422648359229e+01	-1.16705654625228e+02
1.10111000000000e+06	5.19300544164525e+01	-1.17076781393468e+02
1.11112000000000e+06	5.18184242887226e+01	-1.17443371853998e+02
1.12113000000000e+06	5.17073694471855e+01	-1.17805500888141e+02
1.13114000000000e+06	5.15968849522277e+01	-1.18163241678647e+02
1.14115000000000e+06	5.14869659289856e+01	-1.18516665761871e+02
1.15116000000000e+06	5.13776075660537e+01	-1.18865843082132e+02
1.16117000000000e+06	5.12688051142884e+01	-1.19210842040571e+02
1.17118000000000e+06	5.11605538855511e+01	-1.19551729544567e+02
1.18119000000000e+06	5.10528492515501e+01	-1.19888571052056e+02
1.19120000000000e+06	5.09456866426143e+01	-1.20221430617299e+02
1.20121000000000e+06	5.08390615465934e+01	-1.20550370930773e+02
1.21122000000000e+06	5.07329695076312e+01	-1.20875453362654e+02
1.22123000000000e+06	5.06274061251270e+01	-1.21196737998860e+02
1.23124000000000e+06	5.05223670526106e+01	-1.21514283679429e+02
1.24125000000000e+06	5.04178479966508e+01	-1.21828148034775e+02
1.25126000000000e+06	5.03138447158396e+01	-1.22138387519137e+02
1.26127000000000e+06	5.02103530197718e+01	-1.22445057443582e+02
1.27128000000000e+06	5.01073687680246e+01	-1.22748212008381e+02
1.28129000000000e+06	5.00048878692002e+01	-1.23047904333108e+02
1.29130000000000e+06	4.99029062799856e+01	-1.23344186485741e+02
1.30131000000000e+06	4.98014200042305e+01	-1.23637109511071e+02
1.31132000000000e+06	4.97004250920276e+01	-1.23926723458299e+02
1.32133000000000e+06	4.95999176388791e+01	-1.24213077406325e+02
1.33134000000000e+06	4.94998937847998e+01	-1.24496219490210e+02
1.34135000000000e+06	4.94003497135467e+01	-1.24776196923990e+02
1.35136000000000e+06	4.93012816517589e+01	-1.25053056025759e+02
1.36137000000000e+06	4.92026858682155e+01	-1.25326842239231e+02
1.37138000000000e+06	4.91045586730642e+01	-1.25597600155944e+02
1.38139000000000e+06	4.90068964170904e+01	-1.25865373536280e+02
1.39140000000000e+06	4.89096954909913e+01	-1.26130205330077e+02
1.40141000000000e+06	4.88129523246811e+01	-1.26392137696248e+02
1.41142000000000e+06	4.87166633866143e+01	-1.26651212021921e+02
1.42143000000000e+06	4.86208251831356e+01	-1.26907468940675e+02
1.43144000000000e+06	4.85254342578338e+01	-1.27160948350543e+02
1.44145000000000e+06	4.84304871909300e+01	-1.27411689431143e+02
1.45146000000000e+06	4.83359805986548e+01	-1.27659730660751e+02
1.46147000000000e+06	4.82419111326801e+01	-1.27905109832089e+02
1.47148000000000e+06	4.81482754795275e+01	-1.28147864068543e+02
1.48149000000000e+06	4.80550703600471e+01	-1.28388029838615e+02
1.49150000000000e+06	4.79622925288439e+01	-1.28625642971471e+02
1.50151000000000e+06	4.78699387737676e+01	-1.28860738670769e+02
1.51152000000000e+06	4.77780059154083e+01	-1.29093351528628e+02
1.52153000000000e+06	4.76864908065773e+01	-1.29323515539422e+02
1.53154000000000e+06	4.75953903318455e+01	-1.29551264112478e+02
1.54155000000000e+06	4.75047014070618e+01	-1.29776630084913e+02
1.55156000000000e+06	4.74144209788880e+01	-1.29999645734238e+02
1.56157000000000e+06	4.73245460243788e+01	-1.30220342789672e+02
1.57158000000000e+06	4.72350735504953e+01	-1.30438752444924e+02
1.58159000000000e+06	4.71460005937353e+01	-1.30654905368358e+02
1.59160000000000e+06	4.70573242196918e+01	-1.30868831714614e+02
1.60161000000000e+06	4.69690415226342e+01	-1.31080561135642e+02
1.61162000000000e+06	4.68811496251495e+01	-1.31290122790386e+02
1.62163000000000e+06	4.67936456777207e+01	-1.31497545355705e+02
1.63164000000000e+06	4.67065268583853e+01	-1.31702857035620e+02
1.64165000000000e+06	4.66197903723386e+01	-1.31906085571424e+02
1.65166000000000e+06	4.65334334516043e+01	-1.32107258250705e+02
1.66167000000000e+06	4.64474533546454e+01	-1.32306401916996e+02
1.67168000000000e+06	4.63618473660650e+01	-1.32503542978013e+02
1.68169000000000e+06	4.62766127962354e+01	-1.32698707414999e+02
1.69170000000000e+06	4.61917469809896e+01	-1.32891920790778e+02
1.70171000000000e+06	4.61072472812978e+01	-1.33083208258102e+02
1.71172000000000e+06	4.60231110829588e+01	-1.33272594567575e+02
1.72173000000000e+06	4.59393357962600e+01	-1.33460104076208e+02
1.73174000000000e+06	4.58559188557385e+01	-1.33645760753733e+02
1.74175000000000e+06	4.57728577198163e+01	-1.33829588191556e+02
1.75176000000000e+06	4.56901498705612e+01	-1.34011609609123e+02
1.76177000000000e+06	4.56077928133807e+01	-1.34191847861279e+02
1.77178000000000e+06	4.55257840767534e+01	-1.34370325445254e+02
1.78179000000000e+06	4.54441212119390e+01	-1.34547064507689e+02
1.79180000000000e+06	4.53628017927383e+01	-1.34722086850767e+02
1.80181000000000e+06	4.52818234152138e+01	-1.34895413938944e+02
1.81182000000000e+06	4.52011836974273e+01	-1.35067066905479e+02
1.82183000000000e+06	4.51208802791847e+01	-1.35237066558592e+02
1.83184000000000e+06	4.50409108218171e+01	-1.35405433386914e+02
1.84185000000000e+06	4.49612730078973e+01	-1.35572187566199e+02
1.85186000000000e+06	4.48819645410158e+01	-1.35737348964694e+02
1.86187000000000e+06	4.48029831455570e+01	-1.35900937148701e+02
1.87188000000000e+06	4.47243265664378e+01	-1.36062971388482e+02
1.88189000000000e+06	4.46459925689103e+01	-1.36223470663169e+02
1.89190000000000e+06	4.45679789383121e+01	-1.36382453666515e+02
1.90191000000000e+06	4.44902834798539e+01	-1.36539938811771e+02
1.91192000000000e+06	4.44129040184155e+01	-1.36695944236652e+02
1.92193000000000e+06	4.43358383982977e+01	-1.36850487808802e+02
1.93194000000000e+06	4.42590844830509e+01	-1.37003587129908e+02
1.94195000000000e+06	4.41826401552302e+01	-1.37155259541164e+02
1.95196000000000e+06	4.41065033162126e+01	-1.37305522127374e+02
1.96197000000000e+06	4.40306718859982e+01	-1.37454391721593e+02
1.97198000000000e+06	4.39551438029962e+01	-1.37601884909758e+02
1.98199000000000e+06	4.38799170238356e+01	-1.37748018034856e+02
1.99200000000000e+06	4.38049895231685e+01	-1.37892807201371e+02
2.00201000000000e+06	4.37303592934855e+01	-1.38036268279232e+02
2.01202000000000e+06	4.36560243449203e+01	-1.38178416908085e+02
2.02203000000000e+06	4.35819827050746e+01	-1.38319268501091e+02
2.03204000000000e+06	4.35082324188212e+01	-1.38458838249062e+02
2.04205000000000e+06	4.34347715481310e+01	-1.38597141124239e+02
2.05206000000000e+06	4.33615981719003e+01	-1.38734191883882e+02
2.06207000000000e+06	4.32887103857673e+01	-1.38870005074080e+02
2.07208000000000e+06	4.32161063019350e+01	-1.39004595033545e+02
2.08209000000000e+06	4.31437840490053e+01	-1.39137975896857e+02
2.09210000000000e+06	4.30717417718178e+01	-1.39270161598000e+02
2.10211000000000e+06	4.29999776312722e+01	-1.39401165873781e+02
2.11212000000000e+06	4.29284898041538e+01	-1.39531002267410e+02
2.12213000000000e+06	4.28572764829987e+01	-1.39659684131284e+02
2.13214000000000e+06	4.27863358759092e+01	-1.39787224630544e+02
2.14215000000000e+06	4.27156662064025e+01	-1.39913636746115e+02
2.15216000000000e+06	4.26452657132575e+01	-1.40038933277704e+02
2.16217000000000e+06	4.25751326503479e+01	-1.40163126847046e+02
2.17218000000000e+06	4.25052652865106e+01	-1.40286229900490e+02
2.18219000000000e+06	4.24356619053725e+01	-1.40408254712242e+02
2.19220000000000e+06	4.23663208052109e+01	-1.40529213387008e+02
2.20221000000000e+06	4.22972402988000e+01	-1.40649117863012e+02
2.21222000000000e+06	4.22284187132738e+01	-1.40767979914434e+02
2.22223000000000e+06	4.21598543899838e+01	-1.40885811154169e+02
2.23224000000000e+06	4.20915456843421e+01	-1.41002623036572e+02
2.24225000000000e+06	4.20234909656791e+01	-1.41118426860217e+02
2.25226000000000e+06	4.19556886171397e+01	-1.41233233769743e+02
2.26227000000000e+06	4.18881370354835e+01	-1.41347054759386e+02
2.27228000000000e+06	4.18208346310178e+01	-1.41459900674246e+02
2.28229000000000e+06	4.17537798274040e+01	-1.41571782213662e+02
2.29230000000000e+06	4.16869710615611e+01	-1.41682709933071e+02
2.30231000000000e+06	4.16204067835208e+01	-1.41792694246344e+02
2.31232000000000e+06	4.15540854562998e+01	-1.41901745428100e+02
2.32233000000000e+06	4.14880055557675e+01	-1.42009873616041e+02
2.33234000000000e+06	4.14221655705201e+01	-1.42117088812954e+02
2.34235000000000e+06	4.13565640017573e+01	-1.42223400888977e+02
2.35236000000000e+06	4.12911993631560e+01	-1.42328819583611e+02
2.36237000000000e+06	4.12260701807500e+01	-1.42433354507793e+02
2.37238000000000e+06	4.11611749928036e+01	-1.42537015145954e+02
2.38239000000000e+06	4.10965123496980e+01	-1.42639810857903e+02
2.39240000000000e+06	4.10320808137930e+01	-1.42741750881132e+02
2.40241000000000e+06	4.09678789593396e+01	-1.42842844332205e+02
2.41242000000000e+06	4.09039053723369e+01	-1.42943100209019e+02
2.42243000000000e+06	4.08401586504335e+01	-1.43042527392470e+02
2.43244000000000e+06	4.07766374028045e+01	-1.43141134648339e+02
2.44245000000000e+06	4.07133402500431e+01	-1.43238930629062e+02
2.45246000000000e+06	4.06502658240396e+01	-1.43335923875602e+02
2.46247000000000e+06	4.05874127678963e+01	-1.43432122818712e+02
2.47248000000000e+06	4.05247797357766e+01	-1.43527535781368e+02
2.48249000000000e+06	4.04623653928381e+01	-1.43622170979735e+02
2.49250000000000e+06	4.04001684151083e+01	-1.43716036525057e+02
2.50251000000000e+06	4.03381874893711e+01	-1.43809140425401e+02
2.51252000000000e+06	4.02764213130759e+01	-1.43901490587017e+02
2.52253000000000e+06	4.02148685942304e+01	-1.43993094815934e+02
2.53254000000000e+06	4.01535280512899e+01	-1.44083960819538e+02
2.54255000000000e+06	4.00923984130634e+01	-1.44174096208079e+02
2.55256000000000e+06	4.00314784186181e+01	-1.44263508495940e+02
2.56257000000000e+06	3.99707668171715e+01	-1.44352205103300e+02
2.57258000000000e+06	3.99102623679973e+01	-1.44440193357400e+02
2.58259000000000e+06	3.98499638403239e+01	-1.44527480494082e+02
2.59260000000000e+06	3.97898700132485e+01	-1.44614073658949e+02
2.60261000000000e+06	3.97299796756327e+01	-1.44699979908855e+02
2.61262000000000e+06	3.96702916260101e+01	-1.44785206213181e+02
2.62263000000000e+06	3.96108046724935e+01	-1.44869759455199e+02
2.63264000000000e+06	3.95515176326897e+01	-1.44953646433159e+02
2.64265000000000e+06	3.94924293335962e+01	-1.45036873861769e+02
2.65266000000000e+06	3.94335386115228e+01	-1.45119448373233e+02
2.66267000000000e+06	3.93748443119978e+01	-1.45201376518560e+02
2.67268000000000e+06	3.93163452896777e+01	-1.45282664768677e+02
2.68269000000000e+06	3.92580404082538e+01	-1.45363319515882e+02
2.69270000000000e+06	3.91999285403939e+01	-1.45443347074399e+02
2.70271000000000e+06	3.91420085676159e+01	-1.45522753682198e+02
2.71272000000000e+06	3.90842793802324e+01	-1.45601545501620e+02
2.72273000000000e+06	3.90267398772637e+01	-1.45679728620599e+02
2.73274000000000e+06	3.89693889663442e+01	-1.45757309053838e+02
2.74275000000000e+06	3.89122255636489e+01	-1.45834292743706e+02
2.75276000000000e+06	3.88552485938071e+01	-1.45910685561489e+02
2.76277000000000e+06	3.87984569898274e+01	-1.45986493308149e+02
2.77278000000000e+06	3.87418496930179e+01	-1.46061721715470e+02
2.78279000000000e+06	3.86854256529042e+01	-1.46136376447065e+02
2.79280000000000e+06	3.86291838271545e+01	-1.46210463099249e+02
2.80281000000000e+06	3.85731231814940e+01	-1.46283987202232e+02
2.81282000000000e+06	3.85172426896474e+01	-1.46356954220652e+02
2.82283000000000e+06	3.84615413332475e+01	-1.46429369554855e+02
2.83284000000000e+06	3.84060181017693e+01	-1.46501238541593e+02
2.84285000000000e+06	3.83506719924516e+01	-1.46572566455030e+02
2.85286000000000e+06	3.82955020102166e+01	-1.46643358507722e+02
2.86287000000000e+06	3.82405071676255e+01	-1.46713619851074e+02
2.87288000000000e+06	3.81856864847672e+01	-1.46783355576759e+02
2.88289000000000e+06	3.81310389892280e+01	-1.46852570716938e+02
2.89290000000000e+06	3.80765637159876e+01	-1.46921270245693e+02
2.90291000000000e+06	3.80222597073748e+01	-1.46989459079373e+02
2.91292000000000e+06	3.79681260129812e+01	-1.47057142077650e+02
2.92293000000000e+06	3.79141616896080e+01	-1.47124324044125e+02
2.93294000000000e+06	3.78603658011915e+01	-1.47191009727218e+02
2.94295000000000e+06	3.78067374187261e+01	-1.47257203821080e+02
2.95296000000000e+06	3.77532756202328e+01	-1.47322910965755e+02
2.96297000000000e+06	3.76999794906473e+01	-1.47388135748747e+02
2.97298000000000e+06	3.76468481217946e+01	-1.47452882705043e+02
2.98299000000000e+06	3.75938806123099e+01	-1.47517156318172e+02
2.99300000000000e+06	3.75410760675705e+01	-1.47580961020809e+02
3.00301000000000e+06	3.74884335996411e+01	-1.47644301195571e+02
3.01302000000000e+06	3.74359523272178e+01	-1.47707181175435e+02
3.02303000000000e+06	3.73836313755502e+01	-1.47769605244723e+02
3.03304000000000e+06	3.73314698763972e+01	-1.47831577639554e+02
3.04305000000000e+06	3.72794669679548e+01	-1.47893102548579e+02
3.05306000000000e+06	3.72276217948088e+01	-1.47954184113567e+02
3.06307000000000e+06	3.71759335078740e+01	-1.48014826429937e+02
3.07308000000000e+06	3.71244012643184e+01	-1.48075033547746e+02
3.08309000000000e+06	3.70730242275350e+01	-1.48134809471805e+02
3.09310000000000e+06	3.70218015670621e+01	-1.48194158162638e+02
3.10311000000000e+06	3.69707324585384e+01	-1.48253083536910e+02
3.11312000000000e+06	3.69198160836491e+01	-1.48311589467954e+02
3.12313000000000e+06	3.68690516300526e+01	-1.48369679786636e+02
3.13314000000000e+06	3.68184382913560e+01	-1.48427358281520e+02
3.14315000000000e+06	3.67679752670366e+01	-1.48484628699666e+02
3.15316000000000e+06	3.67176617624001e+01	-1.48541494747106e+02
3.16317000000000e+06	3.66674969885190e+01	-1.48597960089471e+02
3.17318000000000e+06	3.66174801621981e+01	-1.48654028352328e+02
3.18319000000000e+06	3.65676105059013e+01	-1.48709703121889e+02
3.19320000000000e+06	3.65178872477131e+01	-1.48764987945435e+02
3.20321000000000e+06	3.64683096212878e+01	-1.48819886331781e+02
3.21322000000000e+06	3.64188768657969e+01	-1.48874401751872e+02
3.22323000000000e+06	3.63695882258783e+01	-1.48928537639219e+02
3.23324000000000e+06	3.63204429515846e+01	-1.48982297390413e+02
3.24325000000000e+06	3.62714402983447e+01	-1.49035684365540e+02
3.25326000000000e+06	3.62225795269107e+01	-1.49088701888650e+02
3.26327000000000e+06	3.61738599033028e+01	-1.49141353248316e+02
3.27328000000000e+06	3.61252806987776e+01	-1.49193641697902e+02
3.28329000000000e+06	3.60768411897664e+01	-1.49245570456290e+02
3.29330000000000e+06	3.60285406578344e+01	-1.49297142708112e+02
3.30331000000000e+06	3.59803783896449e+01	-1.49348361604083e+02
3.31332000000000e+06	3.59323536768968e+01	-1.49399230261762e+02
3.32333000000000e+06	3.58844658162898e+01	-1.49449751765737e+02
3.33334000000000e+06	3.58367141094873e+01	-1.49499929167991e+02
3.34335000000000e+06	3.57890978630523e+01	-1.49549765488576e+02
3.35336000000000e+06	3.57416163884270e+01	-1.49599263715643e+02
3.36337000000000e+06	3.56942690018728e+01	-1.49648426806220e+02
3.37338000000000e+06	3.56470550244341e+01	-1.49697257686377e+02
3.38339000000000e+06	3.55999737819026e+01	-1.49745759251589e+02
3.39340000000000e+06	3.55530246047599e+01	-1.49793934367296e+02
3.40341000000000e+06	3.55062068281569e+01	-1.49841785869021e+02
3.41342000000000e+06	3.54595197918530e+01	-1.49889316563051e+02
3.42343000000000e+06	3.54129628401884e+01	-1.49936529226548e+02
3.43344000000000e+06	3.53665353220419e+01	-1.49983426607984e+02
3.44345000000000e+06	3.53202365907915e+01	-1.50030011427505e+02
3.45346000000000e+06	3.52740660042677e+01	-1.50076286377316e+02
3.46347000000000e+06	3.52280229247284e+01	-1.50122254121950e+02
3.47348000000000e+06	3.51821067188048e+01	-1.50167917298707e+02
3.48349000000000e+06	3.51363167574840e+01	-1.50213278517763e+02
3.49350000000000e+06	3.50906524160484e+01	-1.50258340362814e+02
3.50351000000000e+06	3.50451130740568e+01	-1.50303105391141e+02
3.51352000000000e+06	3.49996981152922e+01	-1.50347576134137e+02
3.52353000000000e+06	3.49544069277428e+01	-1.50391755097407e+02
3.53354000000000e+06	3.49092389035536e+01	-1.50435644761152e+02
3.54355000000000e+06	3.48641934389873e+01	-1.50479247580713e+02
3.55356000000000e+06	3.48192699344097e+01	-1.50522565986369e+02
3.56357000000000e+06	3.47744677942242e+01	-1.50565602384189e+02
3.57358000000000e+06	3.47297864268665e+01	-1.50608359155893e+02
3.58359000000000e+06	3.46852252447479e+01	-1.50650838659456e+02
3.59360000000000e+06	3.46407836642353e+01	-1.50693043229142e+02
3.60361000000000e+06	3.45964611056142e+01	-1.50734975175916e+02
3.61362000000000e+06	3.45522569930527e+01	-1.50776636787690e+02
3.62363000000000e+06	3.45081707545713e+01	-1.50818030329642e+02
3.63364000000000e+06	3.44642018220065e+01	-1.50859158044399e+02
3.64365000000000e+06	3.44203496309805e+01	-1.50900022152442e+02
3.65366000000000e+06	3.43766136208790e+01	-1.50940624852066e+02
3.66367000000000e+06	3.43329932347987e+01	-1.50980968320138e+02
3.67368000000000e+06	3.42894879195330e+01	-1.51021054711825e+02
3.68369000000000e+06	3.42460971255384e+01	-1.51060886161167e+02
3.69370000000000e+06	3.42028203068977e+01	-1.51100464781224e+02
3.70371000000000e+06	3.41596569212932e+01	-1.51139792664374e+02
3.71372000000000e+06	3.41166064299802e+01	-1.51178871882481e+02
3.72373000000000e+06	3.40736682977462e+01	-1.51217704487157e+02
3.73374000000000e+06	3.40308419928979e+01	-1.51256292509999e+02
3.74375000000000e+06	3.39881269872181e+01	-1.51294637962817e+02
3.75376000000000e+06	3.39455227559389e+01	-1.51332742837952e+02
3.76377000000000e+06	3.39030287777194e+01	-1.51370609108325e+02
3.77378000000000e+06	3.38606445346152e+01	-1.51408238727769e+02
3.78379000000000e+06	3.38183695120436e+01	-1.51445633631263e+02
3.79380000000000e+06	3.37762031987627e+01	-1.51482795735148e+02
3.80381000000000e+06	3.37341450868460e+01	-1.51519726937194e+02
3.81382000000000e+06	3.36921946716466e+01	-1.51556429117030e+02
3.82383000000000e+06	3.36503514517781e+01	-1.51592904136205e+02
3.83384000000000e+06	3.36086149290799e+01	-1.51629153838447e+02
3.84385000000000e+06	3.35669846086014e+01	-1.51665180049804e+02
3.85386000000000e+06	3.35254599985664e+01	-1.51700984578976e+02
3.86387000000000e+06	3.34840406103486e+01	-1.51736569217367e+02
3.87388000000000e+06	3.34427259584574e+01	-1.51771935739303e+02
3.88389000000000e+06	3.34015155604881e+01	-1.51807085902365e+02
3.89390000000000e+06	3.33604089371249e+01	-1.51842021447380e+02
3.90391000000000e+06	3.33194056120973e+01	-1.51876744098696e+02
3.91392000000000e+06	3.32785051121564e+01	-1.51911255564478e+02
3.92393000000000e+06	3.32377069670641e+01	-1.51945557536609e+02
3.93394000000000e+06	3.31970107095525e+01	-1.51979651691154e+02
3.94395000000000e+06	3.31564158753055e+01	-1.52013539688471e+02
3.95396000000000e+06	3.31159220029452e+01	-1.52047223173170e+02
3.96397000000000e+06	3.30755286339868e+01	-1.52080703774645e+02
3.97398000000000e+06	3.30352353128458e+01	-1.52113983106794e+02
3.98399000000000e+06	3.29950415867761e+01	-1.52147062768758e+02
3.99400000000000e+06	3.29549470058849e+01	-1.52179944344517e+02
4.00401000000000e+06	3.29149511230816e+01	-1.52212629403439e+02
4.01402000000000e+06	3.28750534940771e+01	-1.52245119500291e+02
4.02403000000000e+06	3.28352536773439e+01	-1.52277416175383e+02
4.03404000000000e+06	3.27955512341092e+01	-1.52309520954720e+02
4.04405000000000e+06	3.27559457283134e+01	-1.52341435350387e+02
4.05406000000000e+06	3.27164367266130e+01	-1.52373160860286e+02
4.06407000000000e+06	3.26770237983433e+01	-1.52404698968633e+02
4.07408000000000e+06	3.26377065154973e+01	-1.52436051145939e+02
4.08409000000000e+06	3.25984844527131e+01	-1.52467218849250e+02
4.09410000000000e+06	3.25593571872438e+01	-1.52498203522238e+02
4.10411000000000e+06	3.25203242989456e+01	-1.52529006595331e+02
4.11412000000000e+06	3.24813853702493e+01	-1.52559629485898e+02
4.12413000000000e+06	3.24425399861469e+01	-1.52590073598364e+02
4.13414000000000e+06	3.24037877341689e+01	-1.52620340324337e+02
4.14415000000000e+06	3.23651282043617e+01	-1.52650431042812e+02
4.15416000000000e+06	3.23265609892711e+01	-1.52680347120241e+02
4.16417000000000e+06	3.22880856839272e+01	-1.52710089910558e+02
4.17418000000000e+06	3.22497018858123e+01	-1.52739660755666e+02
4.18419000000000e+06	3.22114091948556e+01	-1.52769060985121e+02
4.19420000000000e+06	3.21732072134058e+01	-1.52798291916621e+02
4.20421000000000e+06	3.21350955462166e+01	-1.52827354855878e+02
4.21422000000000e+06	3.20970738004250e+01	-1.52856251096923e+02
4.22423000000000e+06	3.20591415855364e+01	-1.52884981922122e+02
4.23424000000000e+06	3.20212985134035e+01	-1.52913548602337e+02
4.24425000000000e+06	3.19835441982061e+01	-1.52941952397042e+02
4.25426000000000e+06	3.19458782564412e+01	-1.52970194554499e+02
4.26427000000000e+06	3.19083003069018e+01	-1.52998276311668e+02
4.27428000000000e+06	3.18708099706503e+01	-1.53026198894661e+02
4.28429000000000e+06	3.18334068710152e+01	-1.53053963518548e+02
4.29430000000000e+06	3.17960906335643e+01	-1.53081571387622e+02
4.30431000000000e+06	3.17588608860948e+01	-1.53109023695498e+02
4.31432000000000e+06	3.17217172586083e+01	-1.53136321625171e+02
4.32433000000000e+06	3.16846593833010e+01	-1.53163466349185e+02
4.33434000000000e+06	3.16476868945408e+01	-1.53190459029748e+02
4.34435000000000e+06	3.16107994288586e+01	-1.53217300818722e+02
4.35436000000000e+06	3.15739966249260e+01	-1.53243992857921e+02
4.36437000000000e+06	3.15372781235379e+01	-1.53270536279015e+02
4.37438000000000e+06	3.15006435676053e+01	-1.53296932203788e+02
4.38439000000000e+06	3.14640926021302e+01	-1.53323181744111e+02
4.39440000000000e+06	3.14276248741949e+01	-1.53349286002164e+02
4.40441000000000e+06	3.13912400329407e+01	-1.53375246070506e+02
4.41442000000000e+06	3.13549377295630e+01	-1.53401063032053e+02
4.42443000000000e+06	3.13187176172860e+01	-1.53426737960338e+02
4.43444000000000e+06	3.12825793513542e+01	-1.53452271919474e+02
4.44445000000000e+06	3.12465225890095e+01	-1.53477665964415e+02
4.45446000000000e+06	3.12105469894845e+01	-1.53502921140873e+02
4.46447000000000e+06	3.11746522139843e+01	-1.53528038485477e+02
4.47448000000000e+06	3.11388379256733e+01	-1.53553019025920e+02
4.48449000000000e+06	3.11031037896575e+01	-1.53577863780913e+02
4.49450000000000e+06	3.10674494729758e+01	-1.53602573760448e+02
4.50451000000000e+06	3.10318746445765e+01	-1.53627149965775e+02
4.51452000000000e+06	3.09963789753140e+01	-1.53651593389470e+02
4.52453000000000e+06	3.09609621379269e+01	-1.53675905015608e+02
4.53454000000000e+06	3.09256238070299e+01	-1.53700085819821e+02
4.54455000000000e+06	3.08903636590959e+01	-1.53724136769263e+02
4.55456000000000e+06	3.08551813724417e+01	-1.53748058822928e+02
4.56457000000000e+06	3.08200766272207e+01	-1.53771852931506e+02
4.57458000000000e+06	3.07850491054027e+01	-1.53795520037596e+02
4.58459000000000e+06	3.07500984907633e+01	-1.53819061075722e+02
4.59460000000000e+06	3.07152244688752e+01	-1.53842476972451e+02
4.60461000000000e+06	3.06804267270848e+01	-1.53865768646445e+02
4.61462000000000e+06	3.06457049545093e+01	-1.53888937008570e+02
4.62463000000000e+06	3.06110588420193e+01	-1.53911982961965e+02
4.63464000000000e+06	3.05764880822262e+01	-1.53934907402064e+02
4.64465000000000e+06	3.05419923694733e+01	-1.53957711216722e+02
4.65466000000000e+06	3.05075713998161e+01	-1.53980395286282e+02
4.66467000000000e+06	3.04732248710196e+01	-1.54002960483688e+02
4.67468000000000e+06	3.04389524825381e+01	-1.54025407674436e+02
4.68469000000000e+06	3.04047539355028e+01	-1.54047737716805e+02
4.69470000000000e+06	3.03706289327195e+01	-1.54069951461768e+02
4.70471000000000e+06	3.03365771786449e+01	-1.54092049753197e+02
4.71472000000000e+06	3.03025983793818e+01	-1.54114033427870e+02
4.72473000000000e+06	3.02686922426684e+01	-1.54135903315508e+02
4.73474000000000e+06	3.02348584778587e+01	-1.54157660238911e+02
4.74475000000000e+06	3.02010967959192e+01	-1.54179305014012e+02
4.75476000000000e+06	3.01674069094147e+01	-1.54200838449858e+02
4.76477000000000e+06	3.01337885324970e+01	-1.54222261348808e+02
4.77478000000000e+06	3.01002413808918e+01	-1.54243574506471e+02
4.78479000000000e+06	3.00667651718927e+01	-1.54264778711882e+02
4.79480000000000e+06	3.00333596243426e+01	-1.54285874747496e+02
4.80481000000000e+06	3.00000244586319e+01	-1.54306863389274e+02
4.81482000000000e+06	2.99667593966788e+01	-1.54327745406682e+02
4.82483000000000e+06	2.99335641619244e+01	-1.54348521562903e+02
4.83484000000000e+06	2.99004384793230e+01	-1.54369192614694e+02
4.84485000000000e+06	2.98673820753222e+01	-1.54389759312674e+02
4.85486000000000e+06	2.98343946778679e+01	-1.54410222401126e+02
4.86487000000000e+06	2.98014760163776e+01	-1.54430582618324e+02
4.87488000000000e+06	2.97686258217413e+01	-1.54450840696374e+02
4.88489000000000e+06	2.97358438263083e+01	-1.54470997361390e+02
4.89490000000000e+06	2.97031297638766e+01	-1.54491053333475e+02
4.90491000000000e+06	2.96704833696803e+01	-1.54511009326909e+02
4.91492000000000e+06	2.96379043803853e+01	-1.54530866050026e+02
4.92493000000000e+06	2.96053925340761e+01	-1.54550624205361e+02
4.93494000000000e+06	2.95729475702436e+01	-1.54570284489735e+02
4.94495000000000e+06	2.95405692297819e+01	-1.54589847594281e+02
4.95496000000000e+06	2.95082572549737e+01	-1.54609314204451e+02
4.96497000000000e+06	2.94760113894800e+01	-1.54628685000140e+02
4.97498000000000e+06	2.94438313783369e+01	-1.54647960655655e+02
4.98499000000000e+06	2.94117169679398e+01	-1.54667141839854e+02
4.99500000000000e+06	2.93796679060342e+01	-1.54686229216189e+02
5.00501000000000e+06	2.93476839417151e+01	-1.54705223442659e+02
5.01502000000000e+06	2.93157648254054e+01	-1.54724125171932e+02
5.02503000000000e+06	2.92839103088571e+01	-1.54742935051403e+02
5.03504000000000e+06	2.92521201451336e+01	-1.54761653723280e+02
5.04505000000000e+06	2.92203940886137e+01	-1.54780281824481e+02
5.05506000000000e+06	2.91887318949655e+01	-1.54798819986862e+02
5.06507000000000e+06	2.91571333211519e+01	-1.54817268837120e+02
5.07508000000000e+06	2.91255981254169e+01	-1.54835628996938e+02
5.08509000000000e+06	2.90941260672727e+01	-1.54853901082977e+02
5.09510000000000e+06	2.90627169074994e+01	-1.54872085706987e+02
5.10511000000000e+06	2.90313704081342e+01	-1.54890183475660e+02
5.11512000000000e+06	2.90000863324547e+01	-1.54908194991015e+02
5.12513000000000e+06	2.89688644449836e+01	-1.54926120850103e+02
5.13514000000000e+06	2.89377045114680e+01	-1.54943961645273e+02
5.14515000000000e+06	2.89066062988851e+01	-1.54961717964049e+02
5.15516000000000e+06	2.88755695754179e+01	-1.54979390389346e+02
5.16517000000000e+06	2.88445941104611e+01	-1.54996979499390e+02
5.17518000000000e+06	2.88136796746052e+01	-1.55014485867775e+02
5.18519000000000e+06	2.87828260396320e+01	-1.55031910063540e+02
5.19520000000000e+06	2.87520329785032e+01	-1.55049252651233e+02
5.20521000000000e+06	2.87213002653599e+01	-1.55066514190812e+02
5.21522000000000e+06	2.86906276755048e+01	-1.55083695237901e+02
5.22523000000000e+06	2.86600149854011e+01	-1.55100796343678e+02
5.23524000000000e+06	2.86294619726670e+01	-1.55117818054858e+02
5.24525000000000e+06	2.85989684160602e+01	-1.55134760913970e+02
5.25526000000000e+06	2.85685340954769e+01	-1.55151625459165e+02
5.26527000000000e+06	2.85381587919423e+01	-1.55168412224348e+02
5.27528000000000e+06	2.85078422876029e+01	-1.55185121739229e+02
5.28529000000000e+06	2.84775843657209e+01	-1.55201754529333e+02
5.29530000000000e+06	2.84473848106649e+01	-1.55218311116011e+02
5.30531000000000e+06	2.84172434079004e+01	-1.55234792016554e+02
5.31532000000000e+06	2.83871599439929e+01	-1.55251197744125e+02
5.32533000000000e+06	2.83571342065859e+01	-1.55267528807957e+02
5.33534000000000e+06	2.83271659844076e+01	-1.55283785713181e+02
5.34535000000000e+06	2.82972550672559e+01	-1.55299968960971e+02
5.35536000000000e+06	2.82674012459911e+01	-1.55316079048635e+02
5.36537000000000e+06	2.82376043125359e+01	-1.55332116469573e+02
5.37538000000000e+06	2.82078640598623e+01	-1.55348081713246e+02
5.38539000000000e+06	2.81781802819843e+01	-1.55363975265426e+02
5.39540000000000e+06	2.81485527739615e+01	-1.55379797607936e+02
5.40541000000000e+06	2.81189813318740e+01	-1.55395549218998e+02
5.41542000000000e+06	2.80894657528349e+01	-1.55411230572973e+02
5.42543000000000e+06	2.80600058349712e+01	-1.55426842140597e+02
5.43544000000000e+06	2.80306013774245e+01	-1.55442384388932e+02
5.44545000000000e+06	2.80012521803390e+01	-1.55457857781394e+02
5.45546000000000e+06	2.79719580448578e+01	-1.55473262777822e+02
5.46547000000000e+06	2.79427187731179e+01	-1.55488599834479e+02
5.47548000000000e+06	2.79135341682429e+01	-1.55503869404054e+02
5.48549000000000e+06	2.78844040343331e+01	-1.55519071935827e+02
5.49550000000000e+06	2.78553281764668e+01	-1.55534207875494e+02
5.50551000000000e+06	2.78263064006890e+01	-1.55549277665338e+02
5.51552000000000e+06	2.77973385140042e+01	-1.55564281744245e+02
5.52553000000000e+06	2.77684243243708e+01	-1.55579220547731e+02
5.53554000000000e+06	2.77395636407033e+01	-1.55594094507867e+02
5.54555000000000e+06	2.77107562728555e+01	-1.55608904053501e+02
5.55556000000000e+06	2.76820020316174e+01	-1.55623649610101e+02
5.56557000000000e+06	2.76533007287141e+01	-1.55638331599900e+02
5.57558000000000e+06	2.76246521767952e+01	-1.55652950441918e+02
5.58559000000000e+06	2.75960561894321e+01	-1.55667506551822e+02
5.59560000000000e+06	2.75675125811070e+01	-1.55682000342259e+02
5.60561000000000e+06	2.75390211672149e+01	-1.55696432222609e+02
5.61562000000000e+06	2.75105817640509e+01	-1.55710802599168e+02
5.62563000000000e+06	2.74821941888134e+01	-1.55725111875042e+02
5.63564000000000e+06	2.74538582595848e+01	-1.55739360450350e+02
5.64565000000000e+06	2.74255737953390e+01	-1.55753548722124e+02
5.65566000000000e+06	2.73973406159308e+01	-1.55767677084329e+02
5.66567000000000e+06	2.73691585420908e+01	-1.55781745927953e+02
5.67568000000000e+06	2.73410273954181e+01	-1.55795755640998e+02
5.68569000000000e+06	2.73129469983791e+01	-1.55809706608524e+02
5.69570000000000e+06	2.72849171742953e+01	-1.55823599212618e+02
5.70571000000000e+06	2.72569377473498e+01	-1.55837433832537e+02
5.71572000000000e+06	2.72290085425694e+01	-1.55851210844578e+02
5.72573000000000e+06	2.72011293858268e+01	-1.55864930622211e+02
5.73574000000000e+06	2.71733001038321e+01	-1.55878593536105e+02
5.74575000000000e+06	2.71455205241332e+01	-1.55892199954058e+02
5.75576000000000e+06	2.71177904751013e+01	-1.55905750241131e+02
5.76577000000000e+06	2.70901097859362e+01	-1.55919244759572e+02
5.77578000000000e+06	2.70624782866515e+01	-1.55932683868975e+02
5.78579000000000e+06	2.70348958080779e+01	-1.55946067926122e+02
5.79580000000000e+06	2.70073621818552e+01	-1.55959397285150e+02
5.80581000000000e+06	2.69798772404257e+01	-1.55972672297545e+02
5.81582000000000e+06	2.69524408170283e+01	-1.55985893312078e+02
5.82583000000000e+06	2.69250527457012e+01	-1.55999060674965e+02
5.83584000000000e+06	2.68977128612725e+01	-1.56012174729727e+02
5.84585000000000e+06	2.68704209993487e+01	-1.56025235817402e+02
5.85586000000000e+06	2.68431769963214e+01	-1.56038244276371e+02
5.86587000000000e+06	2.68159806893554e+01	-1.56051200442557e+02
5.87588000000000e+06	2.67888319163879e+01	-1.56064104649299e+02
5.88589000000000e+06	2.67617305161217e+01	-1.56076957227474e+02
5.89590000000000e+06	2.67346763280209e+01	-1.56089758505463e+02
5.90591000000000e+06	2.67076691923077e+01	-1.56102508809168e+02
5.91592000000000e+06	2.66807089499537e+01	-1.56115208462072e+02
5.92593000000000e+06	2.66537954426817e+01	-1.56127857785284e+02
5.93594000000000e+06	2.66269285129597e+01	-1.56140457097422e+02
5.94595000000000e+06	2.66001080039905e+01	-1.56153006714792e+02
5.95596000000000e+06	2.65733337597129e+01	-1.56165506951320e+02
5.96597000000000e+06	2.65466056247999e+01	-1.56177958118579e+02
5.97598000000000e+06	2.65199234446467e+01	-1.56190360525838e+02
5.98599000000000e+06	2.64932870653712e+01	-1.56202714480082e+02
5.99600000000000e+06	2.64666963338114e+01	-1.56215020285942e+02
6.00601000000000e+06	2.64401510975166e+01	-1.56227278245843e+02
6.01602000000000e+06	2.64136512047455e+01	-1.56239488659974e+02
6.02603000000000e+06	2.63871965044628e+01	-1.56251651826241e+02
6.03604000000000e+06	2.63607868463343e+01	-1.56263768040372e+02
6.04605000000000e+06	2.63344220807219e+01	-1.56275837595908e+02
6.05606000000000e+06	2.63081020586809e+01	-1.56287860784208e+02
6.06607000000000e+06	2.62818266319556e+01	-1.56299837894460e+02
6.07608000000000e+06	2.62555956529770e+01	-1.56311769213699e+02
6.08609000000000e+06	2.62294089748519e+01	-1.56323655026922e+02
6.09610000000000e+06	2.62032664513703e+01	-1.56335495616889e+02
6.10611000000000e+06	2.61771679369911e+01	-1.56347291264390e+02
6.11612000000000e+06	2.61511132868420e+01	-1.56359042248081e+02
6.12613000000000e+06	2.61251023567191e+01	-1.56370748844597e+02
6.13614000000000e+06	2.60991350030763e+01	-1.56382411328458e+02
6.14615000000000e+06	2.60732110830284e+01	-1.56394029972272e+02
6.15616000000000e+06	2.60473304543433e+01	-1.56405605046553e+02
6.16617000000000e+06	2.60214929754371e+01	-1.56417136819895e+02
6.17618000000000e+06	2.59956985053732e+01	-1.56428625558827e+02
6.18619000000000e+06	2.59699469038593e+01	-1.56440071528012e+02
6.19620000000000e+06	2.59442380312389e+01	-1.56451474990142e+02
6.20621000000000e+06	2.59185717484922e+01	-1.56462836205950e+02
6.21622000000000e+06	2.58929479172347e+01	-1.56474155434288e+02
6.22623000000000e+06	2.58673663997054e+01	-1.56485432932079e+02
6.23624000000000e+06	2.58418270587652e+01	-1.56496668954446e+02
6.24625000000000e+06	2.58163297579041e+01	-1.56507863754538e+02
6.25626000000000e+06	2.57908743612242e+01	-1.56519017583705e+02
6.26627000000000e+06	2.57654607334424e+01	-1.56530130691493e+02
6.27628000000000e+06	2.57400887398860e+01	-1.56541203325552e+02
6.28629000000000e+06	2.57147582464902e+01	-1.56552235731798e+02
6.29630000000000e+06	2.56894691197928e+01	-1.56563228154270e+02
6.30631000000000e+06	2.56642212269301e+01	-1.56574180835334e+02
6.31632000000000e+06	2.56390144356395e+01	-1.56585094015490e+02
6.32633000000000e+06	2.56138486142489e+01	-1.56595967933553e+02
6.33634000000000e+06	2.55887236316752e+01	-1.56606802826573e+02
6.34635000000000e+06	2.55636393574256e+01	-1.56617598929871e+02
6.35636000000000e+06	2.55385956615878e+01	-1.56628356477057e+02
6.36637000000000e+06	2.55135924148296e+01	-1.56639075700107e+02
6.37638000000000e+06	2.54886294883991e+01	-1.56649756829213e+02
6.38639000000000e+06	2.54637067541125e+01	-1.56660400092944e+02
6.39640000000000e+06	2.54388240843639e+01	-1.56671005718223e+02
6.40641000000000e+06	2.54139813521093e+01	-1.56681573930337e+02
6.41642000000000e+06	2.53891784308682e+01	-1.56692104952879e+02
6.42643000000000e+06	2.53644151947246e+01	-1.56702599007923e+02
6.43644000000000e+06	2.53396915183191e+01	-1.56713056315856e+02
6.44645000000000e+06	2.53150072768468e+01	-1.56723477095491e+02
6.45646000000000e+06	2.52903623460554e+01	-1.56733861564067e+02
6.46647000000000e+06	2.52657566022416e+01	-1.56744209937271e+02
6.47648000000000e+06	2.52411899222441e+01	-1.56754522429233e+02
6.48649000000000e+06	2.52166621834493e+01	-1.56764799252472e+02
6.49650000000000e+06	2.51921732637801e+01	-1.56775040618082e+02
6.50651000000000e+06	2.51677230417000e+01	-1.56785246735543e+02
6.51652000000000e+06	2.51433113961985e+01	-1.56795417812894e+02
6.52653000000000e+06	2.51189382068042e+01	-1.56805554056641e+02
6.53654000000000e+06	2.50946033535687e+01	-1.56815655671798e+02
6.54655000000000e+06	2.50703067170711e+01	-1.56825722861950e+02
6.55656000000000e+06	2.50460481784115e+01	-1.56835755829160e+02
6.56657000000000e+06	2.50218276192084e+01	-1.56845754774108e+02
6.57658000000000e+06	2.49976449215993e+01	-1.56855719895973e+02
6.58659000000000e+06	2.49734999682325e+01	-1.56865651392548e+02
6.59660000000000e+06	2.49493926422695e+01	-1.56875549460175e+02
6.60661000000000e+06	2.49253228273787e+01	-1.56885414293835e+02
6.61662000000000e+06	2.49012904077344e+01	-1.56895246087053e+02
6.62663000000000e+06	2.48772952680104e+01	-1.56905045032036e+02
6.63664000000000e+06	2.48533372933870e+01	-1.56914811319549e+02
6.64665000000000e+06	2.48294163695353e+01	-1.56924545139061e+02
6.65666000000000e+06	2.48055323826230e+01	-1.56934246678629e+02
6.66667000000000e+06	2.47816852193103e+01	-1.56943916125018e+02
6.67668000000000e+06	2.47578747667462e+01	-1.56953553663632e+02
6.68669000000000e+06	2.47341009125652e+01	-1.56963159478550e+02
6.69670000000000e+06	2.47103635448867e+01	-1.56972733752534e+02
6.70671000000000e+06	2.46866625523105e+01	-1.56982276667079e+02
6.71672000000000e+06	2.46629978239186e+01	-1.56991788402365e+02
6.72673000000000e+06	2.46393692492629e+01	-1.57001269137291e+02
6.73674000000000e+06	2.46157767183741e+01	-1.57010719049494e+02
6.74675000000000e+06	2.45922201217499e+01	-1.57020138315320e+02
6.75676000000000e+06	2.45686993503596e+01	-1.57029527109918e+02
6.76677000000000e+06	2.45452142956392e+01	-1.57038885607105e+02
6.77678000000000e+06	2.45217648494830e+01	-1.57048213979580e+02
6.78679000000000e+06	2.44983509042536e+01	-1.57057512398703e+02
6.79680000000000e+06	2.44749723527666e+01	-1.57066781034702e+02
6.80681000000000e+06	2.44516290882951e+01	-1.57076020056572e+02
6.81682000000000e+06	2.44283210045694e+01	-1.57085229632075e+02
6.82683000000000e+06	2.44050479957648e+01	-1.57094409927881e+02
6.83684000000000e+06	2.43818099565109e+01	-1.57103561109362e+02
6.84685000000000e+06	2.43586067818815e+01	-1.57112683340796e+02
6.85686000000000e+06	2.43354383673956e+01	-1.57121776785323e+02
6.86687000000000e+06	2.43123046090133e+01	-1.57130841604836e+02
6.87688000000000e+06	2.42892054031331e+01	-1.57139877960192e+02
6.88689000000000e+06	2.42661406465958e+01	-1.57148886011006e+02
6.89690000000000e+06	2.42431102366695e+01	-1.57157865915892e+02
6.90691000000000e+06	2.42201140710602e+01	-1.57166817832244e+02
6.91692000000000e+06	2.41971520479053e+01	-1.57175741916371e+02
6.92693000000000e+06	2.41742240657650e+01	-1.57184638323526e+02
6.93694000000000e+06	2.41513300236302e+01	-1.57193507207818e+02
6.94695000000000e+06	2.41284698209130e+01	-1.57202348722301e+02
6.95696000000000e+06	2.41056433574469e+01	-1.57211163018951e+02
6.96697000000000e+06	2.40828505334879e+01	-1.57219950248632e+02
6.97698000000000e+06	2.40600912497038e+01	-1.57228710561251e+02
6.98699000000000e+06	2.40373654071812e+01	-1.57237444105548e+02
6.99700000000000e+06	2.40146729074169e+01	-1.57246151029308e+02
7.00701000000000e+06	2.39920136523220e+01	-1.57254831479198e+02
7.01702000000000e+06	2.39693875442111e+01	-1.57263485600958e+02
7.02703000000000e+06	2.39467944858086e+01	-1.57272113539216e+02
7.03704000000000e+06	2.39242343802421e+01	-1.57280715437641e+02
7.04705000000000e+06	2.39017071310425e+01	-1.57289291438869e+02
7.05706000000000e+06	2.38792126421379e+01	-1.57297841684568e+02
7.06707000000000e+06	2.38567508178573e+01	-1.57306366315365e+02
7.07708000000000e+06	2.38343215629226e+01	-1.57314865470996e+02
7.08709000000000e+06	2.38119247824543e+01	-1.57323339290095e+02
7.09710000000000e+06	2.37895603819594e+01	-1.57331787910443e+02
7.10711000000000e+06	2.37672282673388e+01	-1.57340211468810e+02
7.11712000000000e+06	2.37449283448787e+01	-1.57348610101004e+02
7.12713000000000e+06	2.37226605212516e+01	-1.57356983941923e+02
7.13714000000000e+06	2.37004247035178e+01	-1.57365333125485e+02
7.14715000000000e+06	2.36782207991123e+01	-1.57373657784683e+02
7.15716000000000e+06	2.36560487158556e+01	-1.57381958051627e+02
7.16717000000000e+06	2.36339083619442e+01	-1.57390234057456e+02
7.17718000000000e+06	2.36117996459533e+01	-1.57398485932407e+02
7.18719000000000e+06	2.35897224768260e+01	-1.57406713805869e+02
7.19720000000000e+06	2.35676767638833e+01	-1.57414917806244e+02
7.20721000000000e+06	2.35456624168171e+01	-1.57423098061112e+02
7.21722000000000e+06	2.35236793456832e+01	-1.57431254697129e+02
7.22723000000000e+06	2.35017274609081e+01	-1.57439387840093e+02
7.23724000000000e+06	2.34798066732802e+01	-1.57447497614938e+02
7.24725000000000e+06	2.34579168939531e+01	-1.57455584145712e+02
7.25726000000000e+06	2.34360580344395e+01	-1.57463647555600e+02
7.26727000000000e+06	2.34142300066130e+01	-1.57471687966970e+02
7.27728000000000e+06	2.33924327227050e+01	-1.57479705501295e+02
7.28729000000000e+06	2.33706660953002e+01	-1.57487700279268e+02
7.29730000000000e+06	2.33489300373384e+01	-1.57495672420673e+02
7.30731000000000e+06	2.33272244621121e+01	-1.57503622044535e+02
7.31732000000000e+06	2.33055492832642e+01	-1.57511549269045e+02
7.32733000000000e+06	2.32839044147844e+01	-1.57519454211536e+02
7.33734000000000e+06	2.32622897710109e+01	-1.57527336988574e+02
7.34735000000000e+06	2.32407052666259e+01	-1.57535197715905e+02
7.35736000000000e+06	2.32191508166558e+01	-1.57543036508514e+02
7.36737000000000e+06	2.31976263364690e+01	-1.57550853480498e+02
7.37738000000000e+06	2.31761317417722e+01	-1.57558648745301e+02
7.38739000000000e+06	2.31546669486102e+01	-1.57566422415472e+02
7.39740000000000e+06	2.31332318733660e+01	-1.57574174602872e+02
7.40741000000000e+06	2.31118264327576e+01	-1.57581905418502e+02
7.41742000000000e+06	2.30904505438340e+01	-1.57589614972724e+02
7.42743000000000e+06	2.30691041239777e+01	-1.57597303375009e+02
7.43744000000000e+06	2.30477870908990e+01	-1.57604970734179e+02
7.44745000000000e+06	2.30264993626394e+01	-1.57612617158269e+02
7.45746000000000e+06	2.30052408575648e+01	-1.57620242754562e+02
7.46747000000000e+06	2.29840114943654e+01	-1.57627847629630e+02
7.47748000000000e+06	2.29628111920579e+01	-1.57635431889303e+02
7.48749000000000e+06	2.29416398699781e+01	-1.57642995638696e+02
7.49750000000000e+06	2.29204974477827e+01	-1.57650538982176e+02
7.50751000000000e+06	2.28993838454479e+01	-1.57658062023452e+02
7.51752000000000e+06	2.28782989832644e+01	-1.57665564865478e+02
7.52753000000000e+06	2.28572427818424e+01	-1.57673047610508e+02
7.53754000000000e+06	2.28362151621012e+01	-1.57680510360131e+02
7.54755000000000e+06	2.28152160452768e+01	-1.57687953215196e+02
7.55756000000000e+06	2.27942453529150e+01	-1.57695376275906e+02
7.56757000000000e+06	2.27733030068663e+01	-1.57702779641754e+02
7.57758000000000e+06	2.27523889292988e+01	-1.57710163411559e+02
7.58759000000000e+06	2.27315030426750e+01	-1.57717527683508e+02
7.59760000000000e+06	2.27106452697727e+01	-1.57724872555046e+02
7.60761000000000e+06	2.26898155336677e+01	-1.57732198123017e+02
7.61762000000000e+06	2.26690137577365e+01	-1.57739504483573e+02
7.62763000000000e+06	2.26482398656596e+01	-1.57746791732226e+02
7.63764000000000e+06	2.26274937814142e+01	-1.57754059963838e+02
7.64765000000000e+06	2.26067754292759e+01	-1.57761309272631e+02
7.65766000000000e+06	2.25860847338154e+01	-1.57768539752177e+02
7.66767000000000e+06	2.25654216198991e+01	-1.57775751495417e+02
7.67768000000000e+06	2.25447860126859e+01	-1.57782944594654e+02
7.68769000000000e+06	2.25241778376245e+01	-1.57790119141615e+02
7.69770000000000e+06	2.25035970204585e+01	-1.57797275227324e+02
7.70771000000000e+06	2.24830434872166e+01	-1.57804412942251e+02
7.71772000000000e+06	2.24625171642159e+01	-1.57811532376217e+02
7.72773000000000e+06	2.24420179780589e+01	-1.57818633618498e+02
7.73774000000000e+06	2.24215458556365e+01	-1.57825716757660e+02
7.74775000000000e+06	2.24011007241181e+01	-1.57832781881765e+02
7.75776000000000e+06	2.23806825109569e+01	-1.57839829078259e+02
7.76777000000000e+06	2.23602911438874e+01	-1.57846858433969e+02
7.77778000000000e+06	2.23399265509249e+01	-1.57853870035162e+02
7.78779000000000e+06	2.23195886603575e+01	-1.57860863967498e+02
7.79780000000000e+06	2.22992774007553e+01	-1.57867840316121e+02
7.80781000000000e+06	2.22789927009605e+01	-1.57874799165513e+02
7.81782000000000e+06	2.22587344900912e+01	-1.57881740599644e+02
7.82783000000000e+06	2.22385026975374e+01	-1.57888664701919e+02
7.83784000000000e+06	2.22182972529595e+01	-1.57895571555169e+02
7.84785000000000e+06	2.21981180862894e+01	-1.57902461241673e+02
7.85786000000000e+06	2.21779651277254e+01	-1.57909333843151e+02
7.86787000000000e+06	2.21578383077370e+01	-1.57916189440767e+02
7.87788000000000e+06	2.21377375570580e+01	-1.57923028115151e+02
7.88789000000000e+06	2.21176628066859e+01	-1.57929849946428e+02
7.89790000000000e+06	2.20976139878836e+01	-1.57936655014113e+02
7.90791000000000e+06	2.20775910321741e+01	-1.57943443397259e+02
7.91792000000000e+06	2.20575938713467e+01	-1.57950215174307e+02
7.92793000000000e+06	2.20376224374450e+01	-1.57956970423271e+02
7.93794000000000e+06	2.20176766627744e+01	-1.57963709221580e+02
7.94795000000000e+06	2.19977564798967e+01	-1.57970431646145e+02
7.95796000000000e+06	2.19778618216313e+01	-1.57977137773402e+02
7.96797000000000e+06	2.19579926210492e+01	-1.57983827679246e+02
7.97798000000000e+06	2.19381488114799e+01	-1.57990501439063e+02
7.98799000000000e+06	2.19183303265027e+01	-1.57997159127740e+02
7.99800000000000e+06	2.18985370999488e+01	-1.58003800819696e+02
8.00801000000000e+06	2.18787690659017e+01	-1.58010426588812e+02
8.01802000000000e+06	2.18590261586891e+01	-1.58017036508507e+02
8.02803000000000e+06	2.18393083128917e+01	-1.58023630651657e+02
8.03804000000000e+06	2.18196154633347e+01	-1.58030209090741e+02
8.04805000000000e+06	2.17999475450893e+01	-1.58036771897696e+02
8.05806000000000e+06	2.17803044934709e+01	-1.58043319143959e+02
8.06807000000000e+06	2.17606862440387e+01	-1.58049850900579e+02
8.07808000000000e+06	2.17410927325937e+01	-1.58056367238046e+02
8.08809000000000e+06	2.17215238951786e+01	-1.58062868226420e+02
8.09810000000000e+06	2.17019796680745e+01	-1.58069353935326e+02
8.10811000000000e+06	2.16824599878034e+01	-1.58075824433849e+02
8.11812000000000e+06	2.16629647911233e+01	-1.58082279790694e+02
8.12813000000000e+06	2.16434940150294e+01	-1.58088720074063e+02
8.13814000000000e+06	2.16240475967514e+01	-1.58095145351726e+02
8.14815000000000e+06	2.16046254737565e+01	-1.58101555691008e+02
8.15816000000000e+06	2.15852275837408e+01	-1.58107951158783e+02
8.16817000000000e+06	2.15658538646372e+01	-1.58114331821485e+02
8.17818000000000e+06	2.15465042546052e+01	-1.58120697745095e+02
8.18819000000000e+06	2.15271786920374e+01	-1.58127048995182e+02
8.19820000000000e+06	2.15078771155557e+01	-1.58133385636877e+02
8.20821000000000e+06	2.14885994640072e+01	-1.58139707734844e+02
8.21822000000000e+06	2.14693456764678e+01	-1.58146015353409e+02
8.22823000000000e+06	2.14501156922400e+01	-1.58152308556359e+02
8.23824000000000e+06	2.14309094508493e+01	-1.58158587407146e+02
8.24825000000000e+06	2.14117268920465e+01	-1.58164851968795e+02
8.25826000000000e+06	2.13925679558016e+01	-1.58171102303879e+02
8.26827000000000e+06	2.13734325823118e+01	-1.58177338474594e+02
8.27828000000000e+06	2.13543207119936e+01	-1.58183560542707e+02
8.28829000000000e+06	2.13352322854771e+01	-1.58189768569602e+02
8.29830000000000e+06	2.13161672436203e+01	-1.58195962616223e+02
8.30831000000000e+06	2.12971255274914e+01	-1.58202142743166e+02
8.31832000000000e+06	2.12781070783795e+01	-1.58208309010580e+02
8.32833000000000e+06	2.12591118377893e+01	-1.58214461478254e+02
8.33834000000000e+06	2.12401397474364e+01	-1.58220600205581e+02
8.34835000000000e+06	2.12211907492532e+01	-1.58226725251539e+02
8.35836000000000e+06	2.12022647853862e+01	-1.58232836674743e+02
8.36837000000000e+06	2.11833617981910e+01	-1.58238934533437e+02
8.37838000000000e+06	2.11644817302331e+01	-1.58245018885460e+02
8.38839000000000e+06	2.11456245242924e+01	-1.58251089788287e+02
8.39840000000000e+06	2.11267901233514e+01	-1.58257147299023e+02
8.40841000000000e+06	2.11079784706071e+01	-1.58263191474386e+02
8.41842000000000e+06	2.10891895094582e+01	-1.58269222370721e+02
8.42843000000000e+06	2.10704231835124e+01	-1.58275240044032e+02
8.43844000000000e+06	2.10516794365810e+01	-1.58281244549937e+02
8.44845000000000e+06	2.10329582126805e+01	-1.58287235943705e+02
8.45846000000000e+06	2.10142594560311e+01	-1.58293214280240e+02
8.46847000000000e+06	2.09955831110537e+01	-1.58299179614074e+02
8.47848000000000e+06	2.09769291223715e+01	-1.58305131999420e+02
8.48849000000000e+06	2.09582974348067e+01	-1.58311071490105e+02
8.49850000000000e+06	2.09396879933862e+01	-1.58316998139623e+02
8.50851000000000e+06	2.09211007433280e+01	-1.58322912001143e+02
8.51852000000000e+06	2.09025356300547e+01	-1.58328813127442e+02
8.52853000000000e+06	2.08839925991812e+01	-1.58334701570991e+02
8.53854000000000e+06	2.08654715965205e+01	-1.58340577383920e+02
8.54855000000000e+06	2.08469725680816e+01	-1.58346440617996e+02
8.55856000000000e+06	2.08284954600652e+01	-1.58352291324691e+02
8.56857000000000e+06	2.08100402188674e+01	-1.58358129555096e+02
8.57858000000000e+06	2.07916067910759e+01	-1.58363955360050e+02
8.58859000000000e+06	2.07731951234723e+01	-1.58369768789949e+02
8.59860000000000e+06	2.07548051630245e+01	-1.58375569894973e+02
8.60861000000000e+06	2.07364368568944e+01	-1.58381358724930e+02
8.61862000000000e+06	2.07180901524304e+01	-1.58387135329325e+02
8.62863000000000e+06	2.06997649971729e+01	-1.58392899757307e+02
8.63864000000000e+06	2.06814613388443e+01	-1.58398652057758e+02
8.64865000000000e+06	2.06631791253578e+01	-1.58404392279203e+02
8.65866000000000e+06	2.06449183048115e+01	-1.58410120469905e+02
8.66867000000000e+06	2.06266788254880e+01	-1.58415836677760e+02
8.67868000000000e+06	2.06084606358526e+01	-1.58421540950414e+02
8.68869000000000e+06	2.05902636845559e+01	-1.58427233335165e+02
8.69870000000000e+06	2.05720879204320e+01	-1.58432913879021e+02
8.70871000000000e+06	2.05539332924906e+01	-1.58438582628711e+02
8.71872000000000e+06	2.05357997499315e+01	-1.58444239630620e+02
8.72873000000000e+06	2.05176872421280e+01	-1.58449884930879e+02
8.73874000000000e+06	2.04995957186334e+01	-1.58455518575321e+02
8.74875000000000e+06	2.04815251291816e+01	-1.58461140609467e+02
8.75876000000000e+06	2.04634754236825e+01	-1.58466751078543e+02
8.76877000000000e+06	2.04454465522233e+01	-1.58472350027528e+02
8.77878000000000e+06	2.04274384650676e+01	-1.58477937501054e+02
8.78879000000000e+06	2.04094511126535e+01	-1.58483513543511e+02
8.79880000000000e+06	2.03914844455972e+01	-1.58489078199024e+02
8.80881000000000e+06	2.03735384146819e+01	-1.58494631511393e+02
8.81882000000000e+06	2.03556129708700e+01	-1.58500173524140e+02
8.82883000000000e+06	2.03377080652922e+01	-1.58505704280566e+02
8.83884000000000e+06	2.03198236492549e+01	-1.58511223823645e+02
8.84885000000000e+06	2.03019596742300e+01	-1.58516732196080e+02
8.85886000000000e+06	2.02841160918648e+01	-1.58522229440349e+02
8.86887000000000e+06	2.02662928539719e+01	-1.58527715598632e+02
8.87888000000000e+06	2.02484899125332e+01	-1.58533190712825e+02
8.88889000000000e+06	2.02307072196998e+01	-1.58538654824563e+02
8.89890000000000e+06	2.02129447277895e+01	-1.58544107975276e+02
8.90891000000000e+06	2.01952023892848e+01	-1.58549550206038e+02
8.91892000000000e+06	2.01774801568353e+01	-1.58554981557759e+02
8.92893000000000e+06	2.01597779832554e+01	-1.58560402071031e+02
8.93894000000000e+06	2.01420958215230e+01	-1.58565811786194e+02
8.94895000000000e+06	2.01244336247801e+01	-1.58571210743376e+02
8.95896000000000e+06	2.01067913463304e+01	-1.58576598982402e+02
8.96897000000000e+06	2.00891689396414e+01	-1.58581976542882e+02
8.97898000000000e+06	2.00715663583395e+01	-1.58587343464163e+02
8.98899000000000e+06	2.00539835562145e+01	-1.58592699785341e+02
8.99900000000000e+06	2.00364204872142e+01	-1.58598045545290e+02
9.00901000000000e+06	2.00188771054463e+01	-1.58603380782600e+02
9.01902000000000e+06	2.00013533651753e+01	-1.58608705535684e+02
9.02903000000000e+06	1.99838492208262e+01	-1.58614019842632e+02
9.03904000000000e+06	1.99663646269813e+01	-1.58619323741370e+02
9.04905000000000e+06	1.99488995383769e+01	-1.58624617269541e+02
9.05906000000000e+06	1.99314539099059e+01	-1.58629900464590e+02
9.06907000000000e+06	1.99140276966166e+01	-1.58635173363690e+02
9.07908000000000e+06	1.98966208537137e+01	-1.58640436003807e+02
9.08909000000000e+06	1.98792333365523e+01	-1.58645688421668e+02
9.09910000000000e+06	1.98618651006429e+01	-1.58650930653779e+02
9.10911000000000e+06	1.98445161016488e+01	-1.58656162736417e+02
9.11912000000000e+06	1.98271862953824e+01	-1.58661384705642e+02
9.12913000000000e+06	1.98098756378092e+01	-1.58666596597267e+02
9.13914000000000e+06	1.97925840850474e+01	-1.58671798446901e+02
9.14915000000000e+06	1.97753115933600e+01	-1.58676990289927e+02
9.15916000000000e+06	1.97580581191642e+01	-1.58682172161520e+02
9.16917000000000e+06	1.97408236190217e+01	-1.58687344096627e+02
9.17918000000000e+06	1.97236080496459e+01	-1.58692506129983e+02
9.18919000000000e+06	1.97064113678940e+01	-1.58697658296096e+02
9.19920000000000e+06	1.96892335307724e+01	-1.58702800629282e+02
9.20921000000000e+06	1.96720744954332e+01	-1.58707933163642e+02
9.21922000000000e+06	1.96549342191726e+01	-1.58713055933047e+02
9.22923000000000e+06	1.96378126594343e+01	-1.58718168971195e+02
9.23924000000000e+06	1.96207097738016e+01	-1.58723272311537e+02
9.24925000000000e+06	1.96036255200063e+01	-1.58728365987341e+02
9.25926000000000e+06	1.95865598559210e+01	-1.58733450031693e+02
9.26927000000000e+06	1.95695127395607e+01	-1.58738524477413e+02
9.27928000000000e+06	1.95524841290808e+01	-1.58743589357191e+02
9.28929000000000e+06	1.95354739827815e+01	-1.58748644703469e+02
9.29930000000000e+06	1.95184822591007e+01	-1.58753690548510e+02
9.30931000000000e+06	1.95015089166174e+01	-1.58758726924393e+02
9.31932000000000e+06	1.94845539140473e+01	-1.58763753862968e+02
9.32933000000000e+06	1.94676172102502e+01	-1.58768771395897e+02
9.33934000000000e+06	1.94506987642195e+01	-1.58773779554695e+02
9.34935000000000e+06	1.94337985350875e+01	-1.58778778370630e+02
9.35936000000000e+06	1.94169164821248e+01	-1.58783767874817e+02
9.36937000000000e+06	1.94000525647371e+01	-1.58788748098132e+02
9.37938000000000e+06	1.93832067424665e+01	-1.58793719071330e+02
9.38939000000000e+06	1.93663789749904e+01	-1.58798680824952e+02
9.39940000000000e+06	1.93495692221197e+01	-1.58803633389327e+02
9.40941000000000e+06	1.93327774438027e+01	-1.58808576794646e+02
9.41942000000000e+06	1.93160036001175e+01	-1.58813511070865e+02
9.42943000000000e+06	1.92992476512779e+01	-1.58818436247830e+02
9.43944000000000e+06	1.92825095576285e+01	-1.58823352355143e+02
9.44945000000000e+06	1.92657892796472e+01	-1.58828259422247e+02
9.45946000000000e+06	1.92490867779424e+01	-1.58833157478424e+02
9.46947000000000e+06	1.92324020132530e+01	-1.58838046552774e+02
9.47948000000000e+06	1.92157349464506e+01	-1.58842926674191e+02
9.48949000000000e+06	1.91990855385337e+01	-1.58847797871440e+02
9.49950000000000e+06	1.91824537506312e+01	-1.58852660173101e+02
9.50951000000000e+06	1.91658395439991e+01	-1.58857513607567e+02
9.51952000000000e+06	1.91492428800259e+01	-1.58862358203061e+02
9.52953000000000e+06	1.91326637202213e+01	-1.58867193987659e+02
9.53954000000000e+06	1.91161020262281e+01	-1.58872020989261e+02
9.54955000000000e+06	1.90995577598115e+01	-1.58876839235586e+02
9.55956000000000e+06	1.90830308828657e+01	-1.58881648754206e+02
9.56957000000000e+06	1.90665213574065e+01	-1.58886449572528e+02
9.57958000000000e+06	1.90500291455792e+01	-1.58891241717783e+02
9.58959000000000e+06	1.90335542096500e+01	-1.58896025217036e+02
9.59960000000000e+06	1.90170965120105e+01	-1.58900800097216e+02
9.60961000000000e+06	1.90006560151760e+01	-1.58905566385075e+02
9.61962000000000e+06	1.89842326817843e+01	-1.58910324107212e+02
9.62963000000000e+06	1.89678264745959e+01	-1.58915073290068e+02
9.63964000000000e+06	1.89514373564911e+01	-1.58919813959919e+02
9.64965000000000e+06	1.89350652904749e+01	-1.58924546142894e+02
9.65966000000000e+06	1.89187102396718e+01	-1.58929269864978e+02
9.66967000000000e+06	1.89023721673241e+01	-1.58933985151991e+02
9.67968000000000e+06	1.88860510367983e+01	-1.58938692029597e+02
9.68969000000000e+06	1.88697468115776e+01	-1.58943390523309e+02
9.69970000000000e+06	1.88534594552659e+01	-1.58948080658504e+02
9.70971000000000e+06	1.88371889315825e+01	-1.58952762460405e+02
9.71972000000000e+06	1.88209352043670e+01	-1.58957435954077e+02
9.72973000000000e+06	1.88046982375767e+01	-1.58962101164454e+02
9.73974000000000e+06	1.87884779952851e+01	-1.58966758116316e+02
9.74975000000000e+06	1.87722744416805e+01	-1.58971406834288e+02
9.75976000000000e+06	1.87560875410700e+01	-1.58976047342878e+02
9.76977000000000e+06	1.87399172578743e+01	-1.58980679666408e+02
9.77978000000000e+06	1.87237635566309e+01	-1.58985303829112e+02
9.78979000000000e+06	1.87076264019893e+01	-1.58989919855044e+02
9.79980000000000e+06	1.86915057587156e+01	-1.58994527768118e+02
9.80981000000000e+06	1.86754015916885e+01	-1.58999127592164e+02
9.81982000000000e+06	1.86593138658986e+01	-1.59003719350789e+02
9.82983000000000e+06	1.86432425464529e+01	-1.59008303067531e+02
9.83984000000000e+06	1.86271875985664e+01	-1.59012878765763e+02
9.84985000000000e+06	1.86111489875675e+01	-1.59017446468708e+02
9.85986000000000e+06	1.85951266788969e+01	-1.59022006199510e+02
9.86987000000000e+06	1.85791206381056e+01	-1.59026557981116e+02
9.87988000000000e+06	1.85631308308540e+01	-1.59031101836375e+02
9.88989000000000e+06	1.85471572229127e+01	-1.59035637788006e+02
9.89990000000000e+06	1.85311997801648e+01	-1.59040165858596e+02
9.90991000000000e+06	1.85152584685985e+01	-1.59044686070586e+02
9.91992000000000e+06	1.84993332543109e+01	-1.59049198446308e+02
9.92993000000000e+06	1.84834241035123e+01	-1.59053703007936e+02
9.93994000000000e+06	1.84675309825135e+01	-1.59058199777593e+02
9.94995000000000e+06	1.84516538577376e+01	-1.59062688777155e+02
9.95996000000000e+06	1.84357926957148e+01	-1.59067170028484e+02
9.96997000000000e+06	1.84199474630770e+01	-1.59071643553280e+02
9.97998000000000e+06	1.84041181265681e+01	-1.59076109373088e+02
9.98999000000000e+06	1.83883046530327e+01	-1.59080567509370e+02
1.00000000000000e+07	1.83725070094257e+01	-1.59085017983457e+02
