time	I(R4)
0.000000000000000e+00	3.233875e-08
2.929687603625553e-10	3.237523e-08
2.343750082900442e-09	3.236671e-08
1.000000000000000e-03	3.234171e-08
1.000100460528146e-03	4.674024e-08
1.000301381584437e-03	5.063408e-08
1.000496264110597e-03	4.682925e-08
1.000711117629828e-03	4.355418e-08
1.000937524574069e-03	4.095685e-08
1.001276106992432e-03	3.820786e-08
1.001729553735653e-03	3.582473e-08
1.002265628487681e-03	3.415290e-08
1.002755268044648e-03	3.317144e-08
1.003252838004241e-03	3.189161e-08
1.003539102147746e-03	2.975516e-08
1.003774030820045e-03	2.416697e-08
1.004042505388817e-03	8.530587e-09
1.004235783219388e-03	-1.489266e-08
1.004421831651000e-03	-5.048879e-08
1.004598239471262e-03	-7.300695e-08
1.004743407829935e-03	-5.893205e-08
1.004867639749056e-03	-2.056526e-08
1.004969100201056e-03	1.299748e-08
1.005085105253950e-03	3.205172e-08
1.005168813541918e-03	5.279383e-08
1.005243937054445e-03	1.867017e-07
1.005294226298633e-03	5.134352e-07
1.005326878218922e-03	9.417527e-07
1.005361896009662e-03	1.478667e-06
1.005398469801876e-03	1.867092e-06
1.005450750087998e-03	2.115241e-06
1.005505427079367e-03	2.215296e-06
1.005600010300983e-03	2.319226e-06
1.005774992420427e-03	2.510021e-06
1.005949486460297e-03	2.700882e-06
1.006159632113892e-03	2.937523e-06
1.006444476041637e-03	3.335111e-06
1.006883747621758e-03	4.493655e-06
1.007238827951887e-03	7.355464e-06
1.007545579798559e-03	1.472470e-05
1.007754233525974e-03	2.641025e-05
1.007860078777916e-03	3.924131e-05
1.008014624455167e-03	7.299244e-05
1.008126034739365e-03	1.183973e-04
1.008279584870484e-03	2.384550e-04
1.008419626175624e-03	5.559081e-04
1.008540416375170e-03	1.844579e-03
1.008638223450784e-03	5.074773e-03
1.008737288831295e-03	1.168627e-02
1.008850324014188e-03	2.401245e-02
1.008975553710132e-03	4.496501e-02
1.009127353991208e-03	8.236273e-02
1.009305116986531e-03	1.436077e-01
1.009530643470546e-03	2.443477e-01
1.009793348986171e-03	3.827621e-01
1.010000000000000e-03	5.009791e-01
1.010023170860701e-03	5.147184e-01
1.010069512582102e-03	5.419421e-01
1.010162196024904e-03	5.954012e-01
1.010213280205234e-03	6.240165e-01
1.010267574519062e-03	6.532907e-01
1.010327621516244e-03	6.841080e-01
1.010433292285638e-03	7.350464e-01
1.010521666515865e-03	7.744946e-01
1.010610975479038e-03	8.108310e-01
1.010707828931578e-03	8.467889e-01
1.010781847087402e-03	8.720273e-01
1.010826517095053e-03	8.861693e-01
1.010864288077211e-03	8.974462e-01
1.010901537980495e-03	9.081342e-01
1.010908843377273e-03	9.101714e-01
1.010914322424857e-03	9.116729e-01
1.010915235599454e-03	9.119224e-01
1.010917061948649e-03	9.124202e-01
1.010917468030220e-03	9.125308e-01
1.010918280193362e-03	9.127516e-01
1.010919904519646e-03	9.131924e-01
1.010922616044359e-03	9.139263e-01
1.010925813652269e-03	9.147887e-01
1.010929395690851e-03	9.157496e-01
1.010936559768016e-03	9.176539e-01
1.010950887922345e-03	9.213969e-01
1.010979544231004e-03	9.286953e-01
1.011007137037235e-03	9.354963e-01
1.011035528595132e-03	9.422370e-01
1.011061905995906e-03	9.482708e-01
1.011087976020057e-03	9.540110e-01
1.011116478460257e-03	9.600437e-01
1.011146664682141e-03	9.661563e-01
1.011184177169415e-03	9.733622e-01
1.011230512482005e-03	9.816712e-01
1.011297703891200e-03	9.925745e-01
1.011400647337136e-03	1.006809e+00
1.011570009438622e-03	1.024949e+00
1.011785494129752e-03	1.040601e+00
1.011992117252589e-03	1.048448e+00
1.012221475130378e-03	1.050231e+00
1.012444257194164e-03	1.046771e+00
1.012642180874686e-03	1.040190e+00
1.012794510813534e-03	1.033239e+00
1.012864833669640e-03	1.029380e+00
1.012966318702938e-03	1.023152e+00
1.013038919252977e-03	1.018368e+00
1.013114564314567e-03	1.013065e+00
1.013304832618482e-03	9.986927e-01
1.013444479170177e-03	9.873848e-01
1.013680861102214e-03	9.673704e-01
1.013946877718899e-03	9.440588e-01
1.014206982423584e-03	9.208346e-01
1.014651456145076e-03	8.814184e-01
1.015226350093948e-03	8.333805e-01
1.016376137991693e-03	7.483366e-01
1.017578981111617e-03	6.725475e-01
1.018514572890470e-03	6.204653e-01
1.019425887186224e-03	5.681722e-01
1.020407892964275e-03	5.051083e-01
1.020553388345157e-03	4.946955e-01
1.020844379106922e-03	4.726126e-01
1.021098996023466e-03	4.530505e-01
1.021189930636518e-03	4.460783e-01
1.021226304481738e-03	4.433038e-01
1.021299052172179e-03	4.377914e-01
1.021444547553062e-03	4.269153e-01
1.021615548142207e-03	4.145022e-01
1.021890325985593e-03	3.955292e-01
1.022162305709074e-03	3.786061e-01
1.022706265156035e-03	3.502849e-01
1.023212473310893e-03	3.311144e-01
1.023841958851171e-03	3.184838e-01
1.024536868914626e-03	3.166969e-01
1.025337977238778e-03	3.249229e-01
1.026128613981723e-03	3.360077e-01
1.026954945916027e-03	3.438975e-01
1.027866072546015e-03	3.452889e-01
1.028871151682557e-03	3.408675e-01
1.029918275213594e-03	3.353516e-01
1.031066442211821e-03	3.326569e-01
1.032214784251515e-03	3.334163e-01
1.033648884959434e-03	3.350909e-01
1.035158139687724e-03	3.350104e-01
1.036726611256670e-03	3.341101e-01
1.038584674791305e-03	3.341142e-01
1.040607980771778e-03	3.348135e-01
1.043045478374709e-03	3.352935e-01
1.045747118998509e-03	3.359160e-01
1.050397073333502e-03	3.376515e-01
1.054869005108421e-03	3.395022e-01
1.061094603539128e-03	3.425310e-01
1.070195783570317e-03	3.477589e-01
1.083926400306651e-03	3.565992e-01
1.085788807074303e-03	3.579144e-01
1.087651213841954e-03	3.592674e-01
1.089513620609605e-03	3.606580e-01
1.091376027377257e-03	3.620863e-01
1.093238434144908e-03	3.635524e-01
1.095100840912559e-03	3.650561e-01
1.096963247680210e-03	3.665976e-01
1.107259994082466e-03	3.751949e-01
1.127853486886977e-03	3.910536e-01
1.129767919662371e-03	3.902067e-01
1.133596785213159e-03	3.801695e-01
1.141254516314736e-03	3.451397e-01
1.148381312866464e-03	3.019215e-01
1.148946284220743e-03	2.981775e-01
1.150076226929301e-03	2.913077e-01
1.152336112346418e-03	2.798880e-01
1.154667106272730e-03	2.702267e-01
1.157439801379735e-03	2.603497e-01
1.157997182650492e-03	2.585339e-01
1.159111945192007e-03	2.551245e-01
1.161341470275037e-03	2.486202e-01
1.165758793452289e-03	2.365939e-01
1.174422629610416e-03	2.144651e-01
1.176340648552095e-03	2.098788e-01
1.178258667493773e-03	2.054060e-01
1.180176686435452e-03	2.010467e-01
1.182094705377130e-03	1.968008e-01
1.184012724318809e-03	1.926683e-01
1.185930743260488e-03	1.886494e-01
1.187848762202166e-03	1.847439e-01
1.191045130135330e-03	1.783726e-01
1.194032051694801e-03	1.726299e-01
1.196923646034318e-03	1.672771e-01
1.200140070437408e-03	1.615816e-01
1.205588712140342e-03	1.524205e-01
1.211000663049958e-03	1.438212e-01
1.215342420473674e-03	1.373125e-01
1.218918063747911e-03	1.322212e-01
1.222166593106230e-03	1.278028e-01
1.225803752964864e-03	1.230714e-01
1.229781666991527e-03	1.181490e-01
1.235194846537577e-03	1.118487e-01
1.242183054856236e-03	1.043906e-01
1.254564488049687e-03	9.288005e-02
1.276652565168297e-03	7.615894e-02
1.305949440168297e-03	5.930421e-02
1.335246315168297e-03	4.724031e-02
1.364543190168297e-03	3.880858e-02
1.389971096389248e-03	3.364504e-02
1.415438478326236e-03	2.996117e-02
1.440030235819042e-03	2.742261e-02
1.469327110819042e-03	2.530749e-02
1.498623985819042e-03	2.386093e-02
1.527920860819042e-03	2.290787e-02
1.557217735819042e-03	2.229216e-02
1.586514610819043e-03	2.190256e-02
1.615811485819043e-03	2.165909e-02
1.645108360819043e-03	2.150877e-02
1.674405235819043e-03	2.141709e-02
1.703702110819043e-03	2.136164e-02
1.732998985819043e-03	2.132828e-02
1.762295860819043e-03	2.130829e-02
1.791592735819043e-03	2.129634e-02
1.820889610819043e-03	2.128920e-02
1.850186485819043e-03	2.128494e-02
1.879483360819043e-03	2.128240e-02
1.908780235819043e-03	2.128089e-02
1.938077110819043e-03	2.127999e-02
1.967373985819043e-03	2.127945e-02
1.996670860819043e-03	2.127913e-02
2.025967735819042e-03	2.127894e-02
2.055264610819042e-03	2.127883e-02
2.084561485819042e-03	2.127876e-02
2.113858360819042e-03	2.127872e-02
2.143155235819042e-03	2.127870e-02
2.172452110819042e-03	2.127868e-02
2.201748985819041e-03	2.127868e-02
2.231045860819041e-03	2.127867e-02
2.260342735819041e-03	2.127867e-02
2.289639610819041e-03	2.127867e-02
2.318936485819041e-03	2.127866e-02
2.348233360819040e-03	2.127866e-02
2.377530235819040e-03	2.127866e-02
2.406827110819040e-03	2.127866e-02
2.436123985819040e-03	2.127866e-02
2.465420860819040e-03	2.127866e-02
2.494717735819039e-03	2.127866e-02
2.524014610819039e-03	2.127866e-02
2.553311485819039e-03	2.127866e-02
2.582608360819039e-03	2.127866e-02
2.611905235819039e-03	2.127866e-02
2.641202110819038e-03	2.127866e-02
2.670498985819038e-03	2.127866e-02
2.699795860819038e-03	2.127866e-02
2.729092735819038e-03	2.127866e-02
2.758389610819038e-03	2.127866e-02
2.787686485819037e-03	2.127866e-02
2.816983360819037e-03	2.127866e-02
2.846280235819037e-03	2.127866e-02
2.875577110819037e-03	2.127866e-02
2.904873985819037e-03	2.127866e-02
2.934170860819037e-03	2.127866e-02
2.963467735819036e-03	2.127866e-02
2.992764610819036e-03	2.127866e-02
3.000000000000000e-03	2.127866e-02
3.000282437181372e-03	2.130367e-02
3.000847311544117e-03	2.139930e-02
3.001621900362099e-03	2.163252e-02
3.002481839886700e-03	2.201833e-02
3.003420492681161e-03	2.256602e-02
3.004423491168545e-03	2.327692e-02
3.006105448323849e-03	2.465636e-02
3.007840408392591e-03	2.625057e-02
3.010592459290690e-03	2.900481e-02
3.014412720550698e-03	3.297572e-02
3.019627869124597e-03	3.821759e-02
3.027703039953491e-03	4.521796e-02
3.039152635331608e-03	5.274965e-02
3.052877067468014e-03	5.912536e-02
3.066564375625642e-03	6.379376e-02
3.080418695350614e-03	6.751347e-02
3.100000000000000e-03	7.196715e-02
3.101051827375339e-03	7.129694e-02
3.103155482126017e-03	6.925373e-02
3.105159730528775e-03	6.667352e-02
3.107263591257728e-03	6.380894e-02
3.109507563253714e-03	6.113831e-02
3.112678191286645e-03	5.814790e-02
3.116557810021372e-03	5.543034e-02
3.122477713754953e-03	5.239545e-02
3.129533286688619e-03	4.958533e-02
3.139280099130075e-03	4.638309e-02
3.152641305662490e-03	4.268946e-02
3.172932952232397e-03	3.818855e-02
3.202229827232396e-03	3.327913e-02
3.231526702232396e-03	2.978917e-02
3.260823577232396e-03	2.743207e-02
3.290120452232396e-03	2.585983e-02
3.319417327232396e-03	2.482717e-02
3.348714202232395e-03	2.416147e-02
3.378011077232395e-03	2.373838e-02
3.407307952232395e-03	2.347261e-02
3.436604827232395e-03	2.330726e-02
3.465901702232395e-03	2.320548e-02
3.495198577232394e-03	2.314317e-02
3.524495452232394e-03	2.310521e-02
3.553792327232394e-03	2.308213e-02
3.583089202232394e-03	2.306812e-02
3.612386077232394e-03	2.305963e-02
3.641682952232393e-03	2.305449e-02
3.670979827232393e-03	2.305137e-02
3.700276702232393e-03	2.304948e-02
3.729573577232393e-03	2.304834e-02
3.758870452232393e-03	2.304765e-02
3.788167327232392e-03	2.304723e-02
3.817464202232392e-03	2.304698e-02
3.846761077232392e-03	2.304683e-02
3.876057952232392e-03	2.304673e-02
3.905354827232392e-03	2.304668e-02
3.934651702232392e-03	2.304664e-02
3.963948577232392e-03	2.304662e-02
3.993245452232392e-03	2.304661e-02
4.022542327232393e-03	2.304660e-02
4.051839202232393e-03	2.304660e-02
4.081136077232393e-03	2.304659e-02
4.110432952232393e-03	2.304659e-02
4.139729827232394e-03	2.304659e-02
4.169026702232394e-03	2.304659e-02
4.198323577232394e-03	2.304659e-02
4.227620452232394e-03	2.304659e-02
4.256917327232395e-03	2.304659e-02
4.286214202232395e-03	2.304659e-02
4.315511077232395e-03	2.304659e-02
4.344807952232395e-03	2.304659e-02
4.374104827232396e-03	2.304659e-02
4.432698577232396e-03	2.304659e-02
4.491292327232397e-03	2.304659e-02
4.549886077232397e-03	2.304659e-02
4.608479827232398e-03	2.304659e-02
4.696370452232398e-03	2.304659e-02
4.784261077232399e-03	2.304659e-02
4.851225362946686e-03	2.304659e-02
4.918189648660971e-03	2.304659e-02
4.985153934375258e-03	2.304659e-02
5.052118220089544e-03	2.304659e-02
5.119082505803831e-03	2.304659e-02
5.186046791518116e-03	2.304659e-02
5.253011077232403e-03	2.304659e-02
5.453903934375262e-03	2.304659e-02
5.654796791518120e-03	2.304659e-02
5.855689648660980e-03	2.304659e-02
6.056582505803839e-03	2.304659e-02
6.257475362946697e-03	2.304659e-02
6.458368220089556e-03	2.304659e-02
6.659261077232415e-03	2.304659e-02
9.970703125000001e-03	2.304659e-02
9.998999999999999e-03	2.304659e-02
1.000000000000000e-02	2.304659e-02
1.000010000000000e-02	2.304659e-02
1.000060000000000e-02	2.304659e-02
1.000072057064725e-02	2.398620e-02
1.000075885870551e-02	2.555887e-02
1.000078980976865e-02	2.790889e-02
1.000081499318350e-02	3.072054e-02
1.000083566654912e-02	3.476636e-02
1.000085866718711e-02	4.260409e-02
1.000087860301479e-02	5.450200e-02
1.000090552029739e-02	8.265050e-02
1.000094736260998e-02	1.437560e-01
1.000094833718143e-02	1.455225e-01
1.000095028632434e-02	1.495167e-01
1.000095418461015e-02	1.577500e-01
1.000096198118177e-02	1.752235e-01
1.000097757432502e-02	2.133829e-01
1.000100000000000e-02	2.723312e-01
1.000100224256750e-02	2.788157e-01
1.000100672770249e-02	2.919681e-01
1.000101569797249e-02	3.191105e-01
1.000103363851247e-02	3.763086e-01
1.000106951959243e-02	4.988211e-01
1.000114128175236e-02	7.572296e-01
1.000116278424872e-02	8.373285e-01
1.000118389514750e-02	9.175802e-01
1.000120381827728e-02	9.937686e-01
1.000124366453683e-02	1.146632e+00
1.000128282542093e-02	1.296364e+00
1.000136114718911e-02	1.590346e+00
1.000146917691563e-02	1.981140e+00
1.000154511658897e-02	2.241208e+00
1.000160589311059e-02	2.437324e+00
1.000164445081598e-02	2.555710e+00
1.000167347201142e-02	2.641258e+00
1.000170122436857e-02	2.720124e+00
1.000174089327578e-02	2.828661e+00
1.000178094337718e-02	2.932616e+00
1.000186104357998e-02	3.125559e+00
1.000196461288928e-02	3.358592e+00
1.000197506374544e-02	3.380672e+00
1.000199596545774e-02	3.423053e+00
1.000201425445601e-02	3.459332e+00
1.000202227253888e-02	3.474993e+00
1.000203029062175e-02	3.490499e+00
1.000203830870462e-02	3.505848e+00
1.000204632678749e-02	3.521040e+00
1.000205434487036e-02	3.536077e+00
1.000206236295323e-02	3.550957e+00
1.000207038103610e-02	3.565681e+00
1.000210309223582e-02	3.624163e+00
1.000216851463528e-02	3.733804e+00
1.000229935943420e-02	3.928491e+00
1.000256104903203e-02	4.243848e+00
1.000308442822768e-02	4.736751e+00
1.000331725159962e-02	4.910743e+00
1.000344180829318e-02	4.987760e+00
1.000351086195793e-02	5.027035e+00
1.000357710453411e-02	5.062437e+00
1.000370958968645e-02	5.128973e+00
1.000384209815827e-02	5.191095e+00
1.000395804904691e-02	5.241292e+00
1.000409646892384e-02	5.296857e+00
1.000420334083423e-02	5.336699e+00
1.000433167067981e-02	5.380939e+00
1.000447669178879e-02	5.427048e+00
1.000463795687553e-02	5.473847e+00
1.000481343704670e-02	5.519468e+00
1.000507107663033e-02	5.576625e+00
1.000556413386588e-02	5.666830e+00
1.000590647644702e-02	5.717749e+00
1.000609025072102e-02	5.739869e+00
1.000632984188686e-02	5.764434e+00
1.000652309912575e-02	5.780849e+00
1.000669952157192e-02	5.793749e+00
1.000681720212320e-02	5.801245e+00
1.000702435286821e-02	5.812764e+00
1.000721721837169e-02	5.821796e+00
1.000741996293504e-02	5.829394e+00
1.000765108481447e-02	5.835867e+00
1.000797003847088e-02	5.841671e+00
1.000831722584301e-02	5.844822e+00
1.000856452879151e-02	5.845029e+00
1.000881668953820e-02	5.843812e+00
1.000884602991594e-02	5.843568e+00
1.000890471067142e-02	5.842963e+00
1.000891938086029e-02	5.842802e+00
1.000894963812484e-02	5.842453e+00
1.000895307645036e-02	5.842412e+00
1.000895353489376e-02	5.842407e+00
1.000895364950461e-02	5.842405e+00
1.000895387872631e-02	5.842402e+00
1.000895433716971e-02	5.842397e+00
1.000895525405652e-02	5.842386e+00
1.000895708783013e-02	5.842364e+00
1.000896075537734e-02	5.842320e+00
1.000896518281624e-02	5.842267e+00
1.000897124987419e-02	5.842193e+00
1.000898101259959e-02	5.842071e+00
1.000900053805039e-02	5.841820e+00
1.000903958895198e-02	5.841299e+00
1.000907372910999e-02	5.840822e+00
1.000910224796001e-02	5.840405e+00
1.000913357196994e-02	5.839930e+00
1.000914907130600e-02	5.839688e+00
1.000916998820687e-02	5.839353e+00
1.000918674134822e-02	5.839079e+00
1.000920493890902e-02	5.838775e+00
1.000922484318400e-02	5.838436e+00
1.000924546413309e-02	5.838077e+00
1.000926925864111e-02	5.837653e+00
1.000930037102243e-02	5.837082e+00
1.000933964382516e-02	5.836334e+00
1.000950802112937e-02	5.832786e+00
1.000971321406488e-02	5.827727e+00
1.001012359993589e-02	5.815609e+00
1.001094437167792e-02	5.785829e+00
1.001225005258374e-02	5.729499e+00
1.001353158332236e-02	5.666822e+00
1.001609464479960e-02	5.533057e+00
1.001707347040348e-02	5.481111e+00
1.001776481087848e-02	5.444414e+00
1.001805139549126e-02	5.429335e+00
1.001844261553241e-02	5.408917e+00
1.001873577027257e-02	5.393768e+00
1.001896567597644e-02	5.382056e+00
1.001920203308936e-02	5.370109e+00
1.001942344231684e-02	5.358864e+00
1.001951587087476e-02	5.354128e+00
1.001962670343994e-02	5.348428e+00
1.001972250121659e-02	5.343509e+00
1.001982689479915e-02	5.338166e+00
1.001993558504301e-02	5.332627e+00
1.002009278743490e-02	5.324656e+00
1.002037178524907e-02	5.310584e+00
1.002067214179946e-02	5.295495e+00
1.002100907710570e-02	5.277856e+00
1.002168294771818e-02	5.229173e+00
1.002236232341725e-02	5.131518e+00
1.002294940062527e-02	4.969233e+00
1.002353453139276e-02	4.737888e+00
1.002383338901420e-02	4.609406e+00
1.002417655693892e-02	4.472300e+00
1.002444430419319e-02	4.379618e+00
1.002471902418457e-02	4.298213e+00
1.002500746526416e-02	4.224668e+00
1.002547336166124e-02	4.121844e+00
1.002596864479726e-02	4.027402e+00
1.002695921106928e-02	3.868519e+00
1.002894034361333e-02	3.606039e+00
1.003127896052931e-02	3.359283e+00
1.003386637161273e-02	3.149408e+00
1.003623455868724e-02	3.004050e+00
1.003864307296549e-02	2.890437e+00
1.003993546373411e-02	2.841177e+00
1.004060597482306e-02	2.819510e+00
1.004118049902487e-02	2.802636e+00
1.004141786941843e-02	2.796094e+00
1.004166255317126e-02	2.789673e+00
1.004188538937523e-02	2.784015e+00
1.004211961754477e-02	2.778361e+00
1.004236199061845e-02	2.773270e+00
1.004257043629678e-02	2.770261e+00
1.004279276632279e-02	2.768491e+00
1.004292464257092e-02	2.767314e+00
1.004309750789672e-02	2.764014e+00
1.004328939925458e-02	2.757553e+00
1.004350421900534e-02	2.747823e+00
1.004370785912236e-02	2.737915e+00
1.004396198524212e-02	2.726729e+00
1.004433105927614e-02	2.712964e+00
1.004467618084182e-02	2.701036e+00
1.004501189173502e-02	2.688740e+00
1.004546210915222e-02	2.670977e+00
1.004594217309945e-02	2.651874e+00
1.004650290400110e-02	2.629837e+00
1.004698552806902e-02	2.610587e+00
1.004733905374832e-02	2.596061e+00
1.004765752999177e-02	2.582775e+00
1.004782304383281e-02	2.575863e+00
1.004800050053589e-02	2.568444e+00
1.004815730525006e-02	2.561828e+00
1.004832369513811e-02	2.554548e+00
1.004857576964571e-02	2.542629e+00
1.004880852685472e-02	2.530448e+00
1.004893276926091e-02	2.523314e+00
1.004910413070377e-02	2.513170e+00
1.004925887372253e-02	2.504470e+00
1.004936711564805e-02	2.499125e+00
1.004949124571631e-02	2.494049e+00
1.004960348886920e-02	2.490396e+00
1.004973373642128e-02	2.487101e+00
1.004986329197228e-02	2.484430e+00
1.005004152292665e-02	2.480999e+00
1.005025202462877e-02	2.476376e+00
1.005056399064381e-02	2.468081e+00
1.005091356602845e-02	2.457823e+00
1.005129522523078e-02	2.447044e+00
1.005175236465888e-02	2.435431e+00
1.005224389455988e-02	2.423569e+00
1.005281709496804e-02	2.409801e+00
1.005352578210777e-02	2.393437e+00
1.005431019109977e-02	2.376617e+00
1.005560167595270e-02	2.350761e+00
1.005691099187426e-02	2.326644e+00
1.005875685298900e-02	2.296583e+00
1.006243953448095e-02	2.245545e+00
1.006833588884360e-02	2.178328e+00
1.007519879809639e-02	2.114464e+00
1.008323433959402e-02	2.050827e+00
1.008814806169077e-02	2.015789e+00
1.009418164650897e-02	1.975632e+00
1.010061577441079e-02	1.934676e+00
1.010879828141551e-02	1.884578e+00
1.011644069450852e-02	1.839362e+00
1.012416884154116e-02	1.795159e+00
1.013356339172574e-02	1.743243e+00
1.014392303497861e-02	1.688259e+00
1.015812931084835e-02	1.616406e+00
1.017326789204340e-02	1.544479e+00
1.019698578261696e-02	1.440629e+00
1.022582323083194e-02	1.326097e+00
1.025512010583194e-02	1.222206e+00
1.028441698083194e-02	1.130064e+00
1.031371385583194e-02	1.048411e+00
1.034301073083194e-02	9.760689e-01
1.037230760583194e-02	9.119895e-01
1.040160448083194e-02	8.552384e-01
1.043090135583194e-02	8.049847e-01
1.046019823083194e-02	7.604903e-01
1.048949510583193e-02	7.210994e-01
1.051879198083193e-02	6.862301e-01
1.054808885583193e-02	6.553661e-01
1.057738573083193e-02	6.280493e-01
1.060668260583193e-02	6.038737e-01
1.063597948083193e-02	5.824794e-01
1.066527635583193e-02	5.635476e-01
1.069457323083193e-02	5.467955e-01
1.072387010583193e-02	5.319731e-01
1.075316698083193e-02	5.188582e-01
1.078246385583193e-02	5.072550e-01
1.081176073083193e-02	4.969891e-01
1.084105760583193e-02	4.879073e-01
1.087035448083193e-02	4.798725e-01
1.089965135583193e-02	4.727648e-01
1.092894823083193e-02	4.664768e-01
1.095824510583192e-02	4.609147e-01
1.098754198083192e-02	4.559941e-01
1.101683885583192e-02	4.516418e-01
1.104613573083192e-02	4.477915e-01
1.107543260583192e-02	4.443861e-01
1.110472948083192e-02	4.413735e-01
1.113402635583192e-02	4.387090e-01
1.116332323083192e-02	4.363519e-01
1.119262010583192e-02	4.342673e-01
1.122191698083192e-02	4.324231e-01
1.125121385583192e-02	4.307922e-01
1.128051073083192e-02	4.293493e-01
1.130980760583192e-02	4.280734e-01
1.133910448083192e-02	4.269446e-01
1.136840135583192e-02	4.259464e-01
1.139769823083192e-02	4.250633e-01
1.142699510583191e-02	4.242824e-01
1.145629198083191e-02	4.235915e-01
1.148558885583191e-02	4.229806e-01
1.151488573083191e-02	4.224401e-01
1.154418260583191e-02	4.219622e-01
1.157347948083191e-02	4.215394e-01
1.160277635583191e-02	4.211655e-01
1.163207323083191e-02	4.208347e-01
1.166137010583191e-02	4.205422e-01
1.169066698083191e-02	4.202835e-01
1.171996385583191e-02	4.200546e-01
1.174926073083191e-02	4.198523e-01
1.177855760583191e-02	4.196732e-01
1.180785448083191e-02	4.195149e-01
1.183715135583191e-02	4.193748e-01
1.186644823083191e-02	4.192510e-01
1.189574510583190e-02	4.191414e-01
1.192504198083190e-02	4.190446e-01
1.195433885583190e-02	4.189588e-01
1.198363573083190e-02	4.188831e-01
1.201293260583190e-02	4.188159e-01
1.204222948083190e-02	4.187568e-01
1.207152635583190e-02	4.187042e-01
1.210082323083190e-02	4.186579e-01
1.213012010583190e-02	4.186168e-01
1.215941698083190e-02	4.185806e-01
1.218871385583190e-02	4.185484e-01
1.221801073083190e-02	4.185202e-01
1.224730760583190e-02	4.184949e-01
1.227660448083190e-02	4.184728e-01
1.230590135583190e-02	4.184530e-01
1.233519823083190e-02	4.184358e-01
1.236449510583189e-02	4.184203e-01
1.239379198083189e-02	4.184068e-01
1.242308885583189e-02	4.183947e-01
1.245238573083189e-02	4.183842e-01
1.248168260583189e-02	4.183747e-01
1.251097948083189e-02	4.183665e-01
1.254027635583189e-02	4.183590e-01
1.256957323083189e-02	4.183526e-01
1.259887010583189e-02	4.183467e-01
1.262816698083189e-02	4.183418e-01
1.265746385583189e-02	4.183372e-01
1.268676073083189e-02	4.183333e-01
1.271605760583189e-02	4.183297e-01
1.274535448083189e-02	4.183266e-01
1.277465135583189e-02	4.183238e-01
1.280394823083189e-02	4.183214e-01
1.283324510583188e-02	4.183192e-01
1.286254198083188e-02	4.183174e-01
1.289183885583188e-02	4.183156e-01
1.292113573083188e-02	4.183142e-01
1.295043260583188e-02	4.183128e-01
1.297972948083188e-02	4.183117e-01
1.300902635583188e-02	4.183106e-01
1.303832323083188e-02	4.183097e-01
1.306762010583188e-02	4.183089e-01
1.309691698083188e-02	4.183082e-01
1.312621385583188e-02	4.183076e-01
1.315551073083188e-02	4.183070e-01
1.318480760583188e-02	4.183065e-01
1.321410448083188e-02	4.183061e-01
1.324340135583188e-02	4.183057e-01
1.327269823083188e-02	4.183053e-01
1.330199510583187e-02	4.183051e-01
1.333129198083187e-02	4.183047e-01
1.336058885583187e-02	4.183046e-01
1.338988573083187e-02	4.183043e-01
1.341918260583187e-02	4.183042e-01
1.344847948083187e-02	4.183040e-01
1.347777635583187e-02	4.183039e-01
1.350707323083187e-02	4.183037e-01
1.353637010583187e-02	4.183036e-01
1.356566698083187e-02	4.183035e-01
1.359496385583187e-02	4.183035e-01
1.362426073083187e-02	4.183033e-01
1.365355760583187e-02	4.183033e-01
1.368285448083187e-02	4.183031e-01
1.371215135583187e-02	4.183032e-01
1.374144823083187e-02	4.183031e-01
1.377074510583187e-02	4.183031e-01
1.380004198083186e-02	4.183030e-01
1.382933885583186e-02	4.183030e-01
1.385863573083186e-02	4.183029e-01
1.388793260583186e-02	4.183030e-01
1.391722948083186e-02	4.183029e-01
1.394652635583186e-02	4.183029e-01
1.397582323083186e-02	4.183028e-01
1.400512010583186e-02	4.183029e-01
1.403441698083186e-02	4.183028e-01
1.406371385583186e-02	4.183029e-01
1.409301073083186e-02	4.183028e-01
1.412230760583186e-02	4.183029e-01
1.415160448083186e-02	4.183028e-01
1.418090135583186e-02	4.183028e-01
1.421019823083186e-02	4.183028e-01
1.423949510583186e-02	4.183028e-01
1.426879198083185e-02	4.183028e-01
1.429808885583185e-02	4.183028e-01
1.432738573083185e-02	4.183028e-01
1.435668260583185e-02	4.183028e-01
1.438597948083185e-02	4.183028e-01
1.441527635583185e-02	4.183028e-01
1.444457323083185e-02	4.183028e-01
1.447387010583185e-02	4.183028e-01
1.450316698083185e-02	4.183028e-01
1.453246385583185e-02	4.183028e-01
1.456176073083185e-02	4.183028e-01
1.459105760583185e-02	4.183027e-01
1.462035448083185e-02	4.183028e-01
1.464965135583185e-02	4.183027e-01
1.467894823083185e-02	4.183028e-01
1.470824510583185e-02	4.183027e-01
1.473754198083184e-02	4.183028e-01
1.476683885583184e-02	4.183027e-01
1.479613573083184e-02	4.183028e-01
1.482543260583184e-02	4.183027e-01
1.485472948083184e-02	4.183028e-01
1.488402635583184e-02	4.183027e-01
1.491332323083184e-02	4.183028e-01
1.494262010583184e-02	4.183027e-01
1.497191698083184e-02	4.183035e-01
1.497291698083184e-02	4.182998e-01
1.497491698083184e-02	4.182975e-01
1.497891698083183e-02	4.183044e-01
1.498425183707829e-02	4.183020e-01
1.499033028750708e-02	4.183079e-01
1.499133028750708e-02	4.183042e-01
1.499333028750708e-02	4.182988e-01
1.499733028750708e-02	4.183048e-01
1.499833028750707e-02	4.182980e-01
1.499900000000000e-02	4.182952e-01
1.499966057501415e-02	4.183021e-01
1.499967884997171e-02	4.183024e-01
1.499971539988685e-02	4.183031e-01
1.499978849971712e-02	4.183045e-01
1.499988773283345e-02	4.183062e-01
1.500008619906611e-02	4.183085e-01
1.500040987734079e-02	4.183106e-01
1.500044657010070e-02	4.183107e-01
1.500051995562050e-02	4.183105e-01
1.500066672666012e-02	4.183095e-01
1.500080005658434e-02	4.183083e-01
1.500100000000000e-02	4.183060e-01
1.500101999434157e-02	4.183057e-01
1.500105998302470e-02	4.183052e-01
1.500113996039096e-02	4.183041e-01
1.500129991512349e-02	4.183021e-01
1.500161982458855e-02	4.182990e-01
1.500179203859309e-02	4.182819e-01
1.500187056292352e-02	4.182337e-01
1.500192703775634e-02	4.181243e-01
1.500200000000000e-02	4.178837e-01
1.500200729622436e-02	4.178414e-01
1.500202188867310e-02	4.177463e-01
1.500205107357056e-02	4.174941e-01
1.500210944336549e-02	4.167195e-01
1.500218954216906e-02	4.148829e-01
1.500230640918393e-02	4.103615e-01
1.500242966242110e-02	4.030492e-01
1.500255533347211e-02	3.927338e-01
1.500270874955439e-02	3.771943e-01
1.500285795973856e-02	3.601541e-01
1.500305887501213e-02	3.360377e-01
1.500327042941069e-02	3.108954e-01
1.500350696443994e-02	2.842482e-01
1.500378936451630e-02	2.553087e-01
1.500418987140000e-02	2.191153e-01
1.500459233944992e-02	1.876834e-01
1.500496650023132e-02	1.629480e-01
1.500543425033503e-02	1.374242e-01
1.500608772101835e-02	1.074338e-01
1.500618039793710e-02	1.038483e-01
1.500636575177459e-02	9.795460e-02
1.500673645944958e-02	8.784349e-02
1.500681816574222e-02	8.614127e-02
1.500698157832749e-02	8.445521e-02
1.500730840349803e-02	8.678510e-02
1.500765403040216e-02	1.009860e-01
1.500807403775938e-02	1.355014e-01
1.500838501172559e-02	1.695322e-01
1.500857256600178e-02	1.900611e-01
1.500880043366027e-02	2.094565e-01
1.500904016286339e-02	2.223629e-01
1.500919315790598e-02	2.259425e-01
1.500934521682342e-02	2.258664e-01
1.500949075721466e-02	2.235511e-01
1.500961365506843e-02	2.202276e-01
1.500974732883741e-02	2.155550e-01
1.500990079544308e-02	2.093462e-01
1.501011036640559e-02	2.001396e-01
1.501031568636123e-02	1.908467e-01
1.501055402736819e-02	1.802101e-01
1.501078518419471e-02	1.704745e-01
1.501103990301647e-02	1.607931e-01
1.501130942658614e-02	1.521322e-01
1.501162609266367e-02	1.437311e-01
1.501166646365647e-02	1.428724e-01
1.501174720564206e-02	1.415471e-01
1.501190868961326e-02	1.398105e-01
1.501221709164537e-02	1.397067e-01
1.501264492703690e-02	1.457908e-01
1.501311450727811e-02	1.589502e-01
1.501339222194002e-02	1.689382e-01
1.501364549253627e-02	1.780001e-01
1.501392908757740e-02	1.860566e-01
1.501424960847136e-02	1.914552e-01
1.501460643502578e-02	1.927416e-01
1.501500471409842e-02	1.895158e-01
1.501545024779034e-02	1.827556e-01
1.501550103595803e-02	1.818185e-01
1.501560261229342e-02	1.798214e-01
1.501580576496418e-02	1.759541e-01
1.501615893774574e-02	1.699286e-01
1.501654082944719e-02	1.649532e-01
1.501694295834577e-02	1.622562e-01
1.501739982100825e-02	1.628160e-01
1.501796964887308e-02	1.675954e-01
1.501843883994539e-02	1.733719e-01
1.501887312282430e-02	1.784136e-01
1.501940242319701e-02	1.821538e-01
1.501988566632044e-02	1.826063e-01
1.502047097684795e-02	1.801399e-01
1.502116173717365e-02	1.758655e-01
1.502175758008350e-02	1.730387e-01
1.502239857613673e-02	1.723545e-01
1.502302582682113e-02	1.740773e-01
1.502385626093840e-02	1.778859e-01
1.502453985567674e-02	1.802652e-01
1.502525923434152e-02	1.807782e-01
1.502602213313557e-02	1.796138e-01
1.502689145567070e-02	1.780544e-01
1.502773970097740e-02	1.778506e-01
1.502865339897751e-02	1.792475e-01
1.502970299895491e-02	1.812471e-01
1.503069535896577e-02	1.820620e-01
1.503183927772534e-02	1.818223e-01
1.503314779888907e-02	1.818050e-01
1.503448047353034e-02	1.828720e-01
1.503581379221287e-02	1.841952e-01
1.503714375357366e-02	1.848303e-01
1.503876185389054e-02	1.852365e-01
1.504033443899156e-02	1.861379e-01
1.504228856808751e-02	1.875335e-01
1.504430333597176e-02	1.885818e-01
1.504661334317583e-02	1.897613e-01
1.504944258801660e-02	1.915190e-01
1.505239924631130e-02	1.932521e-01
1.505620567798760e-02	1.954739e-01
1.506111133107881e-02	1.985352e-01
1.507254459269721e-02	2.058952e-01
1.508031683245926e-02	2.112361e-01
1.509176500756891e-02	2.196440e-01
1.511466135778820e-02	2.376267e-01
1.512564768591320e-02	2.472193e-01
1.514029612341320e-02	2.610541e-01
1.516085135790229e-02	2.823037e-01
1.519014823290228e-02	3.150565e-01
1.519129348098184e-02	3.164244e-01
1.519243872906140e-02	3.178094e-01
1.519358397714096e-02	3.192116e-01
1.519472922522052e-02	3.206310e-01
1.519587447330008e-02	3.220676e-01
1.519701972137964e-02	3.235213e-01
1.519816496945920e-02	3.249922e-01
1.520434654945490e-02	3.329307e-01
1.521670970944629e-02	3.488904e-01
1.521980049944414e-02	3.522174e-01
1.522598207943983e-02	3.516283e-01
1.523834523943123e-02	3.309883e-01
1.523990701044064e-02	3.251805e-01
1.524000166322909e-02	3.246828e-01
1.524019096880599e-02	3.236369e-01
1.524034378288040e-02	3.227636e-01
1.524049659695483e-02	3.218673e-01
1.524064941102924e-02	3.209480e-01
1.524080222510366e-02	3.200057e-01
1.524095503917808e-02	3.190405e-01
1.524110785325250e-02	3.180523e-01
1.524126066732692e-02	3.170412e-01
1.524256789121160e-02	3.084409e-01
1.524345566226936e-02	3.027648e-01
1.524523120438488e-02	2.918776e-01
1.524766554431573e-02	2.779517e-01
1.525244557348517e-02	2.550536e-01
1.526060027163223e-02	2.260998e-01
1.526708527965446e-02	2.092522e-01
1.527447780214390e-02	1.931521e-01
1.528407741479512e-02	1.735931e-01
1.528996237523306e-02	1.626296e-01
1.529390800750369e-02	1.558179e-01
1.529749110375126e-02	1.499246e-01
1.530087795118323e-02	1.446107e-01
1.530492692942302e-02	1.385578e-01
1.530921315840797e-02	1.324792e-01
1.531439678471949e-02	1.255132e-01
1.531809120611110e-02	1.207986e-01
1.532143236412440e-02	1.167379e-01
1.532473544360166e-02	1.128938e-01
1.532824774248194e-02	1.089878e-01
1.533265228315465e-02	1.043437e-01
1.533859270182794e-02	9.849891e-02
1.534723961794960e-02	9.069720e-02
1.535641338601789e-02	8.336321e-02
1.537249013268444e-02	7.237267e-02
1.538969966735262e-02	6.273325e-02
1.541366172558019e-02	5.240089e-02
1.544295860058019e-02	4.306985e-02
1.547225547558019e-02	3.648241e-02
1.550155235058019e-02	3.196624e-02
1.553084922558019e-02	2.889988e-02
1.556014610058019e-02	2.683682e-02
1.558944297558019e-02	2.546618e-02
1.561873985058019e-02	2.457192e-02
1.564803672558019e-02	2.399837e-02
1.567733360058019e-02	2.363554e-02
1.570663047558019e-02	2.340851e-02
1.573592735058019e-02	2.326773e-02
1.576522422558019e-02	2.318125e-02
1.579452110058019e-02	2.312840e-02
1.582381797558019e-02	2.309622e-02
1.585311485058019e-02	2.307667e-02
1.588241172558020e-02	2.306481e-02
1.591170860058020e-02	2.305763e-02
1.594100547558020e-02	2.305327e-02
1.597030235058020e-02	2.305064e-02
1.599959922558020e-02	2.304904e-02
1.602889610058020e-02	2.304807e-02
1.605819297558020e-02	2.304749e-02
1.608748985058020e-02	2.304713e-02
1.611678672558020e-02	2.304692e-02
1.614608360058021e-02	2.304679e-02
1.617538047558021e-02	2.304671e-02
1.620467735058021e-02	2.304666e-02
1.623397422558021e-02	2.304663e-02
1.626327110058021e-02	2.304662e-02
1.629256797558021e-02	2.304661e-02
1.632186485058021e-02	2.304660e-02
1.635116172558021e-02	2.304660e-02
1.638045860058021e-02	2.304659e-02
1.640975547558022e-02	2.304659e-02
1.643905235058022e-02	2.304659e-02
1.646834922558022e-02	2.304659e-02
1.649764610058022e-02	2.304659e-02
1.652694297558022e-02	2.304659e-02
1.655623985058022e-02	2.304659e-02
1.658553672558022e-02	2.304659e-02
1.661483360058022e-02	2.304659e-02
1.664413047558022e-02	2.304659e-02
1.667342735058023e-02	2.304659e-02
1.670272422558023e-02	2.304659e-02
1.673202110058023e-02	2.304659e-02
1.676131797558023e-02	2.304659e-02
1.679061485058023e-02	2.304659e-02
1.681991172558023e-02	2.304659e-02
1.684920860058023e-02	2.304659e-02
1.687850547558023e-02	2.304659e-02
1.690780235058023e-02	2.304659e-02
1.693709922558024e-02	2.304659e-02
1.696639610058024e-02	2.304659e-02
1.699569297558024e-02	2.304659e-02
1.702498985058024e-02	2.304659e-02
1.705428672558024e-02	2.304659e-02
1.708358360058024e-02	2.304659e-02
1.711288047558024e-02	2.304659e-02
1.714217735058024e-02	2.304659e-02
1.717147422558024e-02	2.304659e-02
1.723006797558025e-02	2.304659e-02
1.728866172558025e-02	2.304659e-02
1.734725547558025e-02	2.304659e-02
1.740584922558025e-02	2.304659e-02
1.749373985058026e-02	2.304659e-02
1.758163047558026e-02	2.304659e-02
1.765278002915169e-02	2.304659e-02
1.772392958272312e-02	2.304659e-02
1.779507913629455e-02	2.304659e-02
1.786622868986599e-02	2.304659e-02
1.793737824343742e-02	2.304659e-02
1.800852779700885e-02	2.304659e-02
1.807967735058028e-02	2.304659e-02
1.831823761843743e-02	2.304659e-02
1.855679788629458e-02	2.304659e-02
1.879535815415173e-02	2.304659e-02
1.903391842200889e-02	2.304659e-02
1.927247868986604e-02	2.304659e-02
1.951103895772319e-02	2.304659e-02
1.974959922558034e-02	2.304659e-02
2.999943750000000e-02	2.304659e-02
3.000000000000000e-02	2.304659e-02
