time	V(vo)
0.000000000000000e+00	6.059710e-05
1.000000000000000e-03	6.059710e-05
1.000097567076053e-03	6.060376e-05
1.000292701228159e-03	6.061606e-05
1.000581520816764e-03	6.063200e-05
1.000872090410571e-03	6.064569e-05
1.001388552781327e-03	6.066673e-05
1.001936456321941e-03	6.068659e-05
1.002833296631873e-03	6.071607e-05
1.003843120994599e-03	6.074695e-05
1.005469842151496e-03	6.079395e-05
1.007289133731977e-03	6.084450e-05
1.010036566656629e-03	6.091873e-05
1.013289502093729e-03	6.100473e-05
1.018694651593441e-03	6.114387e-05
1.026770739985452e-03	6.134411e-05
1.031311107778629e-03	6.144192e-05
1.035776021313511e-03	6.149690e-05
1.038425059654659e-03	6.146653e-05
1.040349925691756e-03	6.135066e-05
1.041986628402514e-03	6.111661e-05
1.043598100574103e-03	6.074325e-05
1.044390260102683e-03	6.053550e-05
1.044979713377716e-03	6.042386e-05
1.045594527986628e-03	6.039211e-05
1.046284912173302e-03	6.043078e-05
1.046721971311313e-03	6.047093e-05
1.047190236326876e-03	6.050794e-05
1.047714583867687e-03	6.053814e-05
1.048419933586572e-03	6.057018e-05
1.049179614358124e-03	6.060235e-05
1.049923481366292e-03	6.063558e-05
1.050723886258265e-03	6.067430e-05
1.051471298651284e-03	6.071398e-05
1.052358174746638e-03	6.076749e-05
1.053509269941231e-03	6.085048e-05
1.055350056263523e-03	6.101576e-05
1.057527271955753e-03	6.127176e-05
1.060725748091927e-03	6.178375e-05
1.064744380715031e-03	6.276716e-05
1.071197065746313e-03	6.713709e-05
1.078061875027814e-03	8.785791e-05
1.081818361784753e-03	1.617910e-04
1.083775866797737e-03	5.615156e-04
1.084824450619841e-03	1.718517e-03
1.085520808449965e-03	4.021113e-03
1.086154208296474e-03	8.200413e-03
1.086776363666755e-03	1.489606e-02
1.087673560012790e-03	2.877024e-02
1.088847384524693e-03	5.175914e-02
1.089931180357735e-03	7.577901e-02
1.091111945217685e-03	1.026608e-01
1.092224914651396e-03	1.271585e-01
1.093057478416698e-03	1.445071e-01
1.094061568026356e-03	1.644219e-01
1.095233282310119e-03	1.871214e-01
1.096313038907553e-03	2.083010e-01
1.097650804544073e-03	2.357694e-01
1.098920434896338e-03	2.634813e-01
1.100000000000000e-03	2.882043e-01
1.100040535111255e-03	2.891734e-01
1.100121605333765e-03	2.911160e-01
1.100448658905422e-03	2.990400e-01
1.100775712477080e-03	3.070069e-01
1.101102766048738e-03	3.150167e-01
1.101429819620395e-03	3.230694e-01
1.101756873192053e-03	3.311649e-01
1.102083926763710e-03	3.393034e-01
1.102410980335368e-03	3.474847e-01
1.103661105998796e-03	3.783191e-01
1.105786517189461e-03	4.299140e-01
1.107887855870866e-03	4.801496e-01
1.111325431019497e-03	5.620286e-01
1.115287186747329e-03	6.568477e-01
1.119819085989010e-03	7.653235e-01
1.125501429193510e-03	9.008625e-01
1.131825945146353e-03	1.051423e+00
1.142046728245833e-03	1.294183e+00
1.152580790949591e-03	1.543416e+00
1.171983410714542e-03	2.000871e+00
1.175455695725832e-03	2.082302e+00
1.176329026338923e-03	2.102789e+00
1.177202356952015e-03	2.123269e+00
1.178075687565106e-03	2.143741e+00
1.178949018178198e-03	2.164206e+00
1.179822348791289e-03	2.184663e+00
1.180695679404381e-03	2.205112e+00
1.181569010017472e-03	2.225554e+00
1.183553172881066e-03	2.271955e+00
1.187521498608254e-03	2.364574e+00
1.195458150062631e-03	2.548124e+00
1.203387974007649e-03	2.723372e+00
1.210120426402487e-03	2.847670e+00
1.217988378848302e-03	2.949333e+00
1.221621845895008e-03	2.976518e+00
1.223578022218583e-03	2.984113e+00
1.226016944948183e-03	2.990871e+00
1.227297195628384e-03	2.993979e+00
1.228719586571397e-03	2.997039e+00
1.230404357005293e-03	3.000062e+00
1.232699075612531e-03	3.003206e+00
1.234171265957492e-03	3.004615e+00
1.235502595390335e-03	3.005450e+00
1.237076690870312e-03	3.006156e+00
1.238887364024690e-03	3.006821e+00
1.240135391407989e-03	3.007257e+00
1.241416748141592e-03	3.007711e+00
1.243007647881881e-03	3.008265e+00
1.244648314664040e-03	3.008757e+00
1.247190598198288e-03	3.009317e+00
1.249027514725694e-03	3.009554e+00
1.250987982577417e-03	3.009665e+00
1.253092491788418e-03	3.009730e+00
1.255396405680176e-03	3.009812e+00
1.257549747429312e-03	3.009919e+00
1.260174929911376e-03	3.010052e+00
1.263067459101698e-03	3.010145e+00
1.265615083005456e-03	3.010168e+00
1.269228309757633e-03	3.010162e+00
1.272902348660683e-03	3.010174e+00
1.276599201668907e-03	3.010205e+00
1.280892229149466e-03	3.010224e+00
1.285468368768790e-03	3.010219e+00
1.290811229088676e-03	3.010216e+00
1.297043137913565e-03	3.010224e+00
1.303768930859105e-03	3.010226e+00
1.314973393239169e-03	3.010222e+00
1.325387990606804e-03	3.010224e+00
1.341038442860138e-03	3.010224e+00
1.370335317860138e-03	3.010224e+00
1.399632192860138e-03	3.010224e+00
1.428929067860138e-03	3.010224e+00
1.458225942860138e-03	3.010224e+00
1.487522817860138e-03	3.010224e+00
1.516819692860138e-03	3.010224e+00
1.546116567860138e-03	3.010224e+00
1.575413442860138e-03	3.010224e+00
1.604710317860138e-03	3.010224e+00
1.634007192860138e-03	3.010224e+00
1.663304067860138e-03	3.010224e+00
1.692600942860138e-03	3.010224e+00
1.721897817860138e-03	3.010224e+00
1.751194692860138e-03	3.010224e+00
1.780491567860138e-03	3.010224e+00
1.809788442860138e-03	3.010224e+00
1.839085317860138e-03	3.010224e+00
1.868382192860138e-03	3.010224e+00
1.897679067860138e-03	3.010224e+00
1.926975942860138e-03	3.010224e+00
1.956272817860138e-03	3.010224e+00
1.985569692860138e-03	3.010224e+00
2.014866567860138e-03	3.010224e+00
2.044163442860138e-03	3.010224e+00
2.073460317860138e-03	3.010224e+00
2.102757192860137e-03	3.010224e+00
2.132054067860137e-03	3.010224e+00
2.161350942860137e-03	3.010224e+00
2.190647817860137e-03	3.010224e+00
2.219944692860137e-03	3.010224e+00
2.249241567860136e-03	3.010224e+00
2.278538442860136e-03	3.010224e+00
2.307835317860136e-03	3.010224e+00
2.337132192860136e-03	3.010224e+00
2.366429067860136e-03	3.010224e+00
2.395725942860135e-03	3.010224e+00
2.425022817860135e-03	3.010224e+00
2.454319692860135e-03	3.010224e+00
2.483616567860135e-03	3.010224e+00
2.512913442860135e-03	3.010224e+00
2.542210317860135e-03	3.010224e+00
2.571507192860134e-03	3.010224e+00
2.600804067860134e-03	3.010224e+00
2.630100942860134e-03	3.010224e+00
2.659397817860134e-03	3.010224e+00
2.688694692860134e-03	3.010224e+00
2.717991567860133e-03	3.010224e+00
2.747288442860133e-03	3.010224e+00
2.776585317860133e-03	3.010224e+00
2.805882192860133e-03	3.010224e+00
2.835179067860133e-03	3.010224e+00
2.864475942860132e-03	3.010224e+00
2.893772817860132e-03	3.010224e+00
2.923069692860132e-03	3.010224e+00
2.952366567860132e-03	3.010224e+00
2.981663442860132e-03	3.010224e+00
3.000000000000000e-03	3.010224e+00
3.000113989374613e-03	3.010224e+00
3.000341968123839e-03	3.010224e+00
3.000797925622290e-03	3.010229e+00
3.001526834578947e-03	3.010262e+00
3.002488333116550e-03	3.010401e+00
3.003618380460981e-03	3.010791e+00
3.004813244386090e-03	3.011684e+00
3.006841978609633e-03	3.014331e+00
3.008849275641599e-03	3.018090e+00
3.010758520075637e-03	3.022456e+00
3.012903806737572e-03	3.027643e+00
3.014603744682278e-03	3.031662e+00
3.016362102118639e-03	3.035702e+00
3.018559264529955e-03	3.040849e+00
3.021184508623266e-03	3.047401e+00
3.023415995206386e-03	3.053351e+00
3.026570930729897e-03	3.061996e+00
3.029637342276686e-03	3.070290e+00
3.032535978002945e-03	3.078036e+00
3.036065863141175e-03	3.087586e+00
3.039613280246436e-03	3.097365e+00
3.044136914105599e-03	3.109851e+00
3.049837919154842e-03	3.125480e+00
3.054988495304702e-03	3.139642e+00
3.061054985042961e-03	3.156381e+00
3.067735146078725e-03	3.174766e+00
3.086570028711974e-03	3.226605e+00
3.097683190164686e-03	3.257152e+00
3.100000000000000e-03	3.263524e+00
3.100185491577824e-03	3.264036e+00
3.100556474733472e-03	3.265058e+00
3.101298441044767e-03	3.267071e+00
3.102324159817523e-03	3.269733e+00
3.103400556805909e-03	3.272190e+00
3.105254710525291e-03	3.275577e+00
3.106482888038436e-03	3.277180e+00
3.107544458393392e-03	3.278042e+00
3.108595096001400e-03	3.278553e+00
3.109746208800560e-03	3.278890e+00
3.111041021863545e-03	3.279179e+00
3.111982321318425e-03	3.279409e+00
3.112844927884491e-03	3.279682e+00
3.113809574953235e-03	3.280068e+00
3.114959255159385e-03	3.280597e+00
3.116088610946243e-03	3.281128e+00
3.117564599239715e-03	3.281739e+00
3.118981040271090e-03	3.282168e+00
3.120093155852025e-03	3.282354e+00
3.121286823719440e-03	3.282411e+00
3.122677918318739e-03	3.282373e+00
3.124207264027411e-03	3.282303e+00
3.126150434016998e-03	3.282279e+00
3.127578027607483e-03	3.282348e+00
3.129053075383891e-03	3.282493e+00
3.130719514042882e-03	3.282667e+00
3.132835020925484e-03	3.282825e+00
3.134266975082903e-03	3.282859e+00
3.135892424528739e-03	3.282824e+00
3.137906446158991e-03	3.282755e+00
3.140392775549190e-03	3.282707e+00
3.142152660440914e-03	3.282726e+00
3.144279506979746e-03	3.282790e+00
3.146681625520475e-03	3.282849e+00
3.149052668056383e-03	3.282856e+00
3.151603675822520e-03	3.282824e+00
3.154501842835973e-03	3.282794e+00
3.157594096626287e-03	3.282802e+00
3.161103023519473e-03	3.282832e+00
3.164732976598486e-03	3.282837e+00
3.168331858884721e-03	3.282821e+00
3.172720691662934e-03	3.282815e+00
3.177070365262882e-03	3.282825e+00
3.182385335498695e-03	3.282829e+00
3.188404749269979e-03	3.282821e+00
3.194703675992121e-03	3.282822e+00
3.203533965650050e-03	3.282825e+00
3.212290494765322e-03	3.282823e+00
3.223215579802229e-03	3.282823e+00
3.245065749876041e-03	3.282824e+00
3.272910815878598e-03	3.282824e+00
3.302207690878598e-03	3.282824e+00
3.331504565878597e-03	3.282824e+00
3.360801440878597e-03	3.282824e+00
3.390098315878597e-03	3.282824e+00
3.419395190878597e-03	3.282824e+00
3.448692065878597e-03	3.282824e+00
3.477988940878596e-03	3.282824e+00
3.507285815878596e-03	3.282824e+00
3.536582690878596e-03	3.282824e+00
3.565879565878596e-03	3.282824e+00
3.595176440878596e-03	3.282824e+00
3.624473315878595e-03	3.282824e+00
3.653770190878595e-03	3.282824e+00
3.683067065878595e-03	3.282824e+00
3.712363940878595e-03	3.282824e+00
3.741660815878595e-03	3.282824e+00
3.770957690878594e-03	3.282824e+00
3.800254565878594e-03	3.282824e+00
3.829551440878594e-03	3.282824e+00
3.858848315878594e-03	3.282824e+00
3.888145190878594e-03	3.282824e+00
3.917442065878594e-03	3.282824e+00
3.946738940878594e-03	3.282824e+00
3.976035815878594e-03	3.282824e+00
4.005332690878594e-03	3.282824e+00
4.034629565878594e-03	3.282824e+00
4.063926440878595e-03	3.282824e+00
4.093223315878595e-03	3.282824e+00
4.122520190878595e-03	3.282824e+00
4.151817065878595e-03	3.282824e+00
4.181113940878596e-03	3.282824e+00
4.210410815878596e-03	3.282824e+00
4.239707690878596e-03	3.282824e+00
4.269004565878596e-03	3.282824e+00
4.298301440878597e-03	3.282824e+00
4.327598315878597e-03	3.282824e+00
4.356895190878597e-03	3.282824e+00
4.386192065878597e-03	3.282824e+00
4.415488940878598e-03	3.282824e+00
4.444785815878598e-03	3.282824e+00
4.474082690878598e-03	3.282824e+00
4.503379565878598e-03	3.282824e+00
4.532676440878599e-03	3.282824e+00
4.561973315878599e-03	3.282824e+00
4.591270190878599e-03	3.282824e+00
4.620567065878599e-03	3.282824e+00
4.649863940878600e-03	3.282824e+00
4.679160815878600e-03	3.282824e+00
4.708457690878600e-03	3.282824e+00
4.767051440878601e-03	3.282824e+00
4.796348315878601e-03	3.282824e+00
4.825645190878601e-03	3.282824e+00
4.854942065878601e-03	3.282824e+00
4.884238940878602e-03	3.282824e+00
4.913535815878602e-03	3.282824e+00
4.942832690878602e-03	3.282824e+00
4.972129565878602e-03	3.282824e+00
5.001426440878603e-03	3.282824e+00
5.030723315878603e-03	3.282824e+00
5.089317065878603e-03	3.282824e+00
5.118613940878603e-03	3.282824e+00
5.147910815878604e-03	3.282824e+00
5.177207690878604e-03	3.282824e+00
5.206504565878604e-03	3.282824e+00
5.235801440878604e-03	3.282824e+00
5.265098315878605e-03	3.282824e+00
5.294395190878605e-03	3.282824e+00
5.323692065878605e-03	3.282824e+00
5.352988940878605e-03	3.282824e+00
5.411582690878606e-03	3.282824e+00
5.440879565878606e-03	3.282824e+00
5.470176440878606e-03	3.282824e+00
5.499473315878607e-03	3.282824e+00
5.528770190878607e-03	3.282824e+00
5.558067065878607e-03	3.282824e+00
5.587363940878607e-03	3.282824e+00
5.616660815878608e-03	3.282824e+00
5.645957690878608e-03	3.282824e+00
5.675254565878608e-03	3.282824e+00
5.696180905164322e-03	3.282824e+00
5.717107244450037e-03	3.282824e+00
5.738033583735752e-03	3.282824e+00
5.758959923021466e-03	3.282824e+00
5.779886262307180e-03	3.282824e+00
5.800812601592895e-03	3.282824e+00
5.821738940878609e-03	3.282824e+00
5.851035815878610e-03	3.282824e+00
5.880332690878610e-03	3.282824e+00
5.909629565878610e-03	3.282824e+00
5.938926440878610e-03	3.282824e+00
5.968223315878611e-03	3.282824e+00
6.000000000000000e-03	3.282824e+00
6.000028180168787e-03	3.282824e+00
6.000084540506360e-03	3.282824e+00
6.000197261181507e-03	3.282824e+00
6.000422702531800e-03	3.282823e+00
6.000806431012018e-03	3.282818e+00
6.001470706342390e-03	3.282789e+00
6.002160052572312e-03	3.282699e+00
6.003145681789754e-03	3.282396e+00
6.004268023256498e-03	3.281654e+00
6.006081870810611e-03	3.279493e+00
6.008108292114256e-03	3.275888e+00
6.009934534271160e-03	3.271720e+00
6.012176687867888e-03	3.266054e+00
6.014947791767230e-03	3.259083e+00
6.017127583428718e-03	3.253831e+00
6.019768303079439e-03	3.247565e+00
6.022207582247904e-03	3.241523e+00
6.024754842578631e-03	3.234796e+00
6.028150035468993e-03	3.225492e+00
6.031578689650589e-03	3.216152e+00
6.034809809961638e-03	3.207549e+00
6.039248522677219e-03	3.195782e+00
6.043849799723720e-03	3.183380e+00
6.049341575075631e-03	3.168463e+00
6.054963292954935e-03	3.153302e+00
6.062330356075017e-03	3.133487e+00
6.069848952293520e-03	3.113188e+00
6.079847322827645e-03	3.086216e+00
6.091322298420700e-03	3.055313e+00
6.100000000000000e-03	3.031896e+00
6.101205306209421e-03	3.028792e+00
6.103615918628262e-03	3.023232e+00
6.106925182188992e-03	3.017354e+00
6.109302987409392e-03	3.014724e+00
6.110735592830307e-03	3.013956e+00
6.111842284575611e-03	3.013693e+00
6.113087931105085e-03	3.013514e+00
6.114165463897598e-03	3.013352e+00
6.115147260145727e-03	3.013149e+00
6.116236152423936e-03	3.012840e+00
6.117532026999387e-03	3.012389e+00
6.118809783599212e-03	3.011910e+00
6.120415475396279e-03	3.011358e+00
6.122160497240562e-03	3.010903e+00
6.123532195717624e-03	3.010696e+00
6.124972586427430e-03	3.010623e+00
6.126616366833216e-03	3.010637e+00
6.128529403359561e-03	3.010679e+00
6.130131908267816e-03	3.010676e+00
6.131704351803680e-03	3.010612e+00
6.133859280822516e-03	3.010466e+00
6.135856545120882e-03	3.010339e+00
6.138444216701865e-03	3.010249e+00
6.140683784141397e-03	3.010245e+00
6.143405205488879e-03	3.010282e+00
6.146351388152450e-03	3.010298e+00
6.148868018813401e-03	3.010273e+00
6.152436525465942e-03	3.010227e+00
6.156226454076092e-03	3.010215e+00
6.160139600591872e-03	3.010231e+00
6.164451892260992e-03	3.010237e+00
6.168932374111469e-03	3.010225e+00
6.174292881794576e-03	3.010219e+00
6.180699496794610e-03	3.010226e+00
6.187360505204916e-03	3.010226e+00
6.198532938306967e-03	3.010223e+00
6.208895106646795e-03	3.010224e+00
6.223018645356599e-03	3.010224e+00
6.251265722776208e-03	3.010224e+00
6.280562597776209e-03	3.010224e+00
6.309859472776209e-03	3.010224e+00
6.339156347776209e-03	3.010224e+00
6.368453222776209e-03	3.010224e+00
6.397750097776210e-03	3.010224e+00
6.427046972776210e-03	3.010224e+00
6.456343847776210e-03	3.010224e+00
6.485640722776210e-03	3.010224e+00
6.514937597776211e-03	3.010224e+00
6.544234472776211e-03	3.010224e+00
6.573531347776211e-03	3.010224e+00
6.602828222776211e-03	3.010224e+00
6.632125097776212e-03	3.010224e+00
6.661421972776212e-03	3.010224e+00
6.690718847776212e-03	3.010224e+00
6.720015722776212e-03	3.010224e+00
6.749312597776213e-03	3.010224e+00
6.778609472776213e-03	3.010224e+00
6.807906347776213e-03	3.010224e+00
6.837203222776213e-03	3.010224e+00
6.866500097776214e-03	3.010224e+00
6.895796972776214e-03	3.010224e+00
6.925093847776214e-03	3.010224e+00
6.954390722776214e-03	3.010224e+00
6.983687597776215e-03	3.010224e+00
7.012984472776215e-03	3.010224e+00
7.042281347776215e-03	3.010224e+00
7.071578222776215e-03	3.010224e+00
7.100875097776215e-03	3.010224e+00
7.130171972776216e-03	3.010224e+00
7.159468847776216e-03	3.010224e+00
7.188765722776216e-03	3.010224e+00
7.218062597776216e-03	3.010224e+00
7.247359472776217e-03	3.010224e+00
7.276656347776217e-03	3.010224e+00
7.305953222776217e-03	3.010224e+00
7.335250097776217e-03	3.010224e+00
7.364546972776218e-03	3.010224e+00
7.393843847776218e-03	3.010224e+00
7.423140722776218e-03	3.010224e+00
7.452437597776218e-03	3.010224e+00
7.481734472776219e-03	3.010224e+00
7.511031347776219e-03	3.010224e+00
7.540328222776219e-03	3.010224e+00
7.569625097776219e-03	3.010224e+00
7.598921972776220e-03	3.010224e+00
7.628218847776220e-03	3.010224e+00
7.657515722776220e-03	3.010224e+00
7.716109472776221e-03	3.010224e+00
7.745406347776221e-03	3.010224e+00
7.774703222776221e-03	3.010224e+00
7.804000097776221e-03	3.010224e+00
7.833296972776221e-03	3.010224e+00
7.862593847776220e-03	3.010224e+00
7.891890722776219e-03	3.010224e+00
7.921187597776219e-03	3.010224e+00
7.950484472776218e-03	3.010224e+00
8.038375097776216e-03	3.010224e+00
8.067671972776216e-03	3.010224e+00
8.096968847776215e-03	3.010224e+00
8.126265722776214e-03	3.010224e+00
8.155562597776214e-03	3.010224e+00
8.184859472776213e-03	3.010224e+00
8.214156347776213e-03	3.010224e+00
8.302046972776211e-03	3.010224e+00
8.452716615633351e-03	3.010224e+00
8.603386258490490e-03	3.010224e+00
8.754055901347630e-03	3.010224e+00
8.904725544204770e-03	3.010224e+00
9.055395187061908e-03	3.010224e+00
9.206064829919048e-03	3.010224e+00
9.356734472776188e-03	3.010224e+00
9.999886849050876e-03	3.010224e+00
1.000000000000000e-02	3.010224e+00
1.000001131509491e-02	3.010224e+00
1.000016972642369e-02	3.010224e+00
1.000067913588602e-02	3.010224e+00
1.000072168445192e-02	3.007045e+00
1.000072189720396e-02	3.003839e+00
1.000072232270805e-02	2.991112e+00
1.000072317371622e-02	2.965813e+00
1.000072419088821e-02	2.935856e+00
1.000072563697443e-02	2.893790e+00
1.000072721997721e-02	2.848468e+00
1.000072941884436e-02	2.786876e+00
1.000073262010190e-02	2.699641e+00
1.000073597192499e-02	2.611566e+00
1.000074048525161e-02	2.498381e+00
1.000074597684949e-02	2.368940e+00
1.000075410149436e-02	2.193363e+00
1.000076521375230e-02	1.977165e+00
1.000077425598445e-02	1.822242e+00
1.000078485413947e-02	1.664711e+00
1.000079510047937e-02	1.533724e+00
1.000080714322732e-02	1.403113e+00
1.000081802984906e-02	1.305510e+00
1.000083551779070e-02	1.180957e+00
1.000085558001088e-02	1.072451e+00
1.000088007591320e-02	9.752694e-01
1.000089423913281e-02	9.341133e-01
1.000090914398530e-02	9.022630e-01
1.000092376786893e-02	8.793724e-01
1.000095206035631e-02	8.468834e-01
1.000095677439857e-02	8.429037e-01
1.000096620248310e-02	8.373715e-01
1.000098114383094e-02	8.308846e-01
1.000100000000000e-02	8.250382e-01
1.000100188561691e-02	8.247377e-01
1.000100565685072e-02	8.242143e-01
1.000101319931834e-02	8.235099e-01
1.000102828425358e-02	8.232147e-01
1.000105845412408e-02	8.250921e-01
1.000108906715569e-02	8.290624e-01
1.000111839616906e-02	8.340850e-01
1.000114583771031e-02	8.391076e-01
1.000117632812905e-02	8.444092e-01
1.000122331198561e-02	8.513281e-01
1.000128595609104e-02	8.580664e-01
1.000135177865677e-02	8.619871e-01
1.000143209743315e-02	8.629413e-01
1.000152770567831e-02	8.604792e-01
1.000160322178616e-02	8.567286e-01
1.000161429600580e-02	8.560258e-01
1.000163644444507e-02	8.544872e-01
1.000164198155489e-02	8.540919e-01
1.000165305577453e-02	8.532766e-01
1.000167520421380e-02	8.516132e-01
1.000168074132362e-02	8.511882e-01
1.000169458409817e-02	8.501065e-01
1.000169666051435e-02	8.499425e-01
1.000169873693054e-02	8.497779e-01
1.000170081334672e-02	8.496128e-01
1.000170288976290e-02	8.494473e-01
1.000170496617908e-02	8.492812e-01
1.000170704259526e-02	8.491147e-01
1.000170911901145e-02	8.489476e-01
1.000171465612127e-02	8.484996e-01
1.000172573034090e-02	8.475932e-01
1.000174787878018e-02	8.457446e-01
1.000179217565873e-02	8.419382e-01
1.000188076941583e-02	8.340926e-01
1.000198957106700e-02	8.242602e-01
1.000209916163287e-02	8.143082e-01
1.000220772317765e-02	8.045282e-01
1.000227075067276e-02	7.989336e-01
1.000233642573606e-02	7.931871e-01
1.000236736472085e-02	7.905111e-01
1.000239858197364e-02	7.878386e-01
1.000243159225713e-02	7.850417e-01
1.000249238427927e-02	7.799537e-01
1.000254877740258e-02	7.753099e-01
1.000263451491352e-02	7.683918e-01
1.000272245962961e-02	7.614791e-01
1.000286477249897e-02	7.506442e-01
1.000300039385230e-02	7.406853e-01
1.000314872122803e-02	7.301743e-01
1.000322862234771e-02	7.246847e-01
1.000330965781905e-02	7.192675e-01
1.000339919914907e-02	7.134160e-01
1.000348572058828e-02	7.078901e-01
1.000357324903528e-02	7.024282e-01
1.000366238467702e-02	6.970054e-01
1.000379108526482e-02	6.893966e-01
1.000393458244460e-02	6.811943e-01
1.000411111368711e-02	6.714390e-01
1.000420414702263e-02	6.664585e-01
1.000430740080298e-02	6.610870e-01
1.000440563513941e-02	6.561056e-01
1.000454284870819e-02	6.493378e-01
1.000467963181900e-02	6.427993e-01
1.000485955588801e-02	6.344647e-01
1.000504079246153e-02	6.261604e-01
1.000522013160141e-02	6.176191e-01
1.000537273484680e-02	6.094720e-01
1.000555107369949e-02	5.981345e-01
1.000576419942451e-02	5.816315e-01
1.000598461653626e-02	5.603276e-01
1.000630497378811e-02	5.216058e-01
1.000663684765289e-02	4.724394e-01
1.000691263070436e-02	4.239261e-01
1.000711213978684e-02	3.838655e-01
1.000736915548975e-02	3.279929e-01
1.000748773315826e-02	3.013700e-01
1.000755687310338e-02	2.858099e-01
1.000760700292630e-02	2.747450e-01
1.000765811805523e-02	2.638131e-01
1.000773707847993e-02	2.479136e-01
1.000789499932931e-02	2.190797e-01
1.000806209876282e-02	1.916826e-01
1.000809114201647e-02	1.874358e-01
1.000814922852375e-02	1.797801e-01
1.000826540153833e-02	1.660126e-01
1.000846575808889e-02	1.459740e-01
1.000867967110089e-02	1.287135e-01
1.000878146108538e-02	1.223801e-01
1.000884374086163e-02	1.195008e-01
1.000890809676227e-02	1.172185e-01
1.000893572569920e-02	1.164652e-01
1.000896391413269e-02	1.159088e-01
1.000901674449128e-02	1.151920e-01
1.000906775785046e-02	1.148137e-01
1.000914244833341e-02	1.146339e-01
1.000921937924663e-02	1.145639e-01
1.000933689884913e-02	1.141211e-01
1.000947510565441e-02	1.125380e-01
1.000965026515882e-02	1.087835e-01
1.000981132900497e-02	1.038069e-01
1.001002111988995e-02	9.594125e-02
1.001027735984003e-02	8.577111e-02
1.001052031797688e-02	7.652173e-02
1.001081391750722e-02	6.655137e-02
1.001111636405186e-02	5.778555e-02
1.001145199570559e-02	4.971423e-02
1.001185408663779e-02	4.161838e-02
1.001209150632637e-02	3.748140e-02
1.001217554586887e-02	3.615987e-02
1.001221756916237e-02	3.553059e-02
1.001223766184830e-02	3.523573e-02
1.001225662845786e-02	3.496077e-02
1.001227655321114e-02	3.467461e-02
1.001229500218749e-02	3.441230e-02
1.001232206976664e-02	3.403187e-02
1.001235339613311e-02	3.359810e-02
1.001240225149587e-02	3.293500e-02
1.001246462477943e-02	3.211429e-02
1.001258937134656e-02	3.053867e-02
1.001270767683476e-02	2.913264e-02
1.001294428781116e-02	2.654513e-02
1.001321391488201e-02	2.387036e-02
1.001348472403417e-02	2.147498e-02
1.001377047751278e-02	1.921014e-02
1.001396960752547e-02	1.778338e-02
1.001417597311781e-02	1.643085e-02
1.001434257867476e-02	1.541898e-02
1.001452257495147e-02	1.440503e-02
1.001472180099227e-02	1.337455e-02
1.001505507277141e-02	1.181458e-02
1.001537879765533e-02	1.042994e-02
1.001543557521273e-02	1.020644e-02
1.001554913032752e-02	9.785600e-03
1.001567869969519e-02	9.323819e-03
1.001581327464549e-02	8.872230e-03
1.001608242454610e-02	8.052113e-03
1.001661616532441e-02	6.627539e-03
1.001714555307501e-02	5.460824e-03
1.001797389110830e-02	4.031665e-03
1.001877503444600e-02	2.995681e-03
1.001984662051979e-02	2.027537e-03
1.002097318859973e-02	1.349280e-03
1.002194169131297e-02	1.002014e-03
1.002267684925374e-02	8.937183e-04
1.002337455428048e-02	9.543832e-04
1.002407079874790e-02	1.245822e-03
1.002474576331186e-02	1.911911e-03
1.002552521255165e-02	3.418448e-03
1.002635499907031e-02	6.261266e-03
1.002738824726467e-02	1.153606e-02
1.002799455219563e-02	1.543700e-02
1.002806235300205e-02	1.593205e-02
1.002819795461489e-02	1.697577e-02
1.002846915784058e-02	1.910254e-02
1.002853133328452e-02	1.959974e-02
1.002856397539259e-02	1.986363e-02
1.002857330170918e-02	1.993923e-02
1.002858573679797e-02	2.004017e-02
1.002861060697554e-02	2.024257e-02
1.002875982804100e-02	2.146993e-02
1.002895878946161e-02	2.313169e-02
1.002920337550033e-02	2.520755e-02
1.002959092029537e-02	2.854969e-02
1.002988738443552e-02	3.114298e-02
1.003033061569646e-02	3.506694e-02
1.003083072537262e-02	3.953490e-02
1.003163801668893e-02	4.680173e-02
1.003282909598417e-02	5.755930e-02
1.003489363139909e-02	7.612452e-02
1.003725954426304e-02	9.709265e-02
1.003899452599666e-02	1.121495e-01
1.003986063825988e-02	1.195163e-01
1.004055961821929e-02	1.253714e-01
1.004090662374256e-02	1.282438e-01
1.004131246765847e-02	1.315737e-01
1.004170055066362e-02	1.347348e-01
1.004202564227037e-02	1.373640e-01
1.004229814440014e-02	1.395560e-01
1.004244740366841e-02	1.407516e-01
1.004252108424289e-02	1.413397e-01
1.004262765961775e-02	1.421880e-01
1.004269583685615e-02	1.427293e-01
1.004278742790426e-02	1.434547e-01
1.004288988904700e-02	1.442641e-01
1.004303023754142e-02	1.453690e-01
1.004323210323721e-02	1.469516e-01
1.004377687632116e-02	1.511819e-01
1.004419836710936e-02	1.544056e-01
1.004504134868576e-02	1.607413e-01
1.004602440490544e-02	1.678748e-01
1.004730353557179e-02	1.763245e-01
1.004822289561600e-02	1.807914e-01
1.004902297090486e-02	1.824656e-01
1.004955654392938e-02	1.822185e-01
1.004986791349980e-02	1.816412e-01
1.005017189873243e-02	1.810060e-01
1.005045461184291e-02	1.804976e-01
1.005073339680661e-02	1.801186e-01
1.005100823276995e-02	1.798707e-01
1.005133821359718e-02	1.796980e-01
1.005164973525656e-02	1.796128e-01
1.005203309958190e-02	1.795463e-01
1.005253280845105e-02	1.794332e-01
1.005304667891926e-02	1.792438e-01
1.005355103485974e-02	1.789825e-01
1.005410478811285e-02	1.786489e-01
1.005471290634294e-02	1.782807e-01
1.005537918496831e-02	1.779068e-01
1.005622560854987e-02	1.774671e-01
1.005709255429856e-02	1.770252e-01
1.005821269287908e-02	1.764428e-01
1.005953854644620e-02	1.757458e-01
1.006101153747224e-02	1.749790e-01
1.006241459968503e-02	1.742563e-01
1.006522072411061e-02	1.728197e-01
1.007694004408110e-02	1.670105e-01
1.008865936405159e-02	1.614279e-01
1.010037868402208e-02	1.560718e-01
1.011209800399257e-02	1.509423e-01
1.012381732396306e-02	1.460394e-01
1.013553664393356e-02	1.413631e-01
1.014725596390405e-02	1.369133e-01
1.017655283890405e-02	1.263754e-01
1.020584971390405e-02	1.169210e-01
1.023514658890405e-02	1.084424e-01
1.026444346390405e-02	1.008413e-01
1.029374033890404e-02	9.402914e-02
1.032303721390404e-02	8.792538e-02
1.035233408890404e-02	8.245757e-02
1.038163096390404e-02	7.756032e-02
1.041092783890404e-02	7.317480e-02
1.044022471390404e-02	6.924807e-02
1.046952158890404e-02	6.573255e-02
1.049881846390404e-02	6.258550e-02
1.052811533890404e-02	5.976856e-02
1.055741221390404e-02	5.724731e-02
1.058670908890404e-02	5.499088e-02
1.061600596390404e-02	5.297156e-02
1.064530283890404e-02	5.116456e-02
1.067459971390404e-02	4.954762e-02
1.070389658890404e-02	4.810082e-02
1.073319346390404e-02	4.680631e-02
1.076249033890403e-02	4.564809e-02
1.079178721390403e-02	4.461187e-02
1.082108408890403e-02	4.368480e-02
1.085038096390403e-02	4.285542e-02
1.087967783890403e-02	4.211345e-02
1.090897471390403e-02	4.144969e-02
1.093827158890403e-02	4.085590e-02
1.096756846390403e-02	4.032473e-02
1.099686533890403e-02	3.984956e-02
1.102616221390403e-02	3.942452e-02
1.105545908890403e-02	3.904430e-02
1.108475596390403e-02	3.870420e-02
1.111405283890403e-02	3.839997e-02
1.114334971390403e-02	3.812784e-02
1.117264658890403e-02	3.788443e-02
1.120194346390403e-02	3.766669e-02
1.123124033890402e-02	3.747194e-02
1.126053721390402e-02	3.729774e-02
1.128983408890402e-02	3.714192e-02
1.131913096390402e-02	3.700255e-02
1.134842783890402e-02	3.687789e-02
1.137772471390402e-02	3.676638e-02
1.140702158890402e-02	3.666665e-02
1.143631846390402e-02	3.657744e-02
1.146561533890402e-02	3.649765e-02
1.149491221390402e-02	3.642628e-02
1.152420908890402e-02	3.636244e-02
1.155350596390402e-02	3.630535e-02
1.158280283890402e-02	3.625428e-02
1.161209971390402e-02	3.620860e-02
1.164139658890402e-02	3.616774e-02
1.167069346390402e-02	3.613120e-02
1.169999033890401e-02	3.609851e-02
1.172928721390401e-02	3.606927e-02
1.175858408890401e-02	3.604313e-02
1.178788096390401e-02	3.601974e-02
1.181717783890401e-02	3.599882e-02
1.184647471390401e-02	3.598011e-02
1.187577158890401e-02	3.596338e-02
1.190506846390401e-02	3.594840e-02
1.193436533890401e-02	3.593502e-02
1.196366221390401e-02	3.592304e-02
1.199295908890401e-02	3.591233e-02
1.202225596390401e-02	3.590275e-02
1.205155283890401e-02	3.589419e-02
1.208084971390401e-02	3.588652e-02
1.211014658890401e-02	3.587966e-02
1.216874033890400e-02	3.586805e-02
1.222733408890400e-02	3.585876e-02
1.228592783890400e-02	3.585133e-02
1.234452158890400e-02	3.584538e-02
1.240311533890400e-02	3.584062e-02
1.249100596390400e-02	3.583521e-02
1.257889658890400e-02	3.583133e-02
1.263749033890399e-02	3.582953e-02
1.269608408890399e-02	3.582796e-02
1.275467783890399e-02	3.582662e-02
1.281327158890399e-02	3.582552e-02
1.287186533890399e-02	3.582466e-02
1.293045908890399e-02	3.582403e-02
1.298905283890399e-02	3.582364e-02
1.304764658890399e-02	3.582326e-02
1.310624033890398e-02	3.582293e-02
1.316483408890398e-02	3.582265e-02
1.322342783890398e-02	3.582242e-02
1.328202158890398e-02	3.582223e-02
1.334061533890398e-02	3.582210e-02
1.339920908890398e-02	3.582202e-02
1.342850596390398e-02	3.582197e-02
1.495194346390395e-02	3.582159e-02
1.497270312500000e-02	3.582160e-02
1.497870312500000e-02	3.582159e-02
1.498670312499999e-02	3.582159e-02
1.498970312499999e-02	3.582159e-02
1.499470312499998e-02	3.582160e-02
1.499670312499998e-02	3.582159e-02
1.499759375000004e-02	3.582159e-02
1.499878125000013e-02	3.582159e-02
1.499978125000013e-02	3.582160e-02
1.500043749999975e-02	3.582160e-02
1.500100000000000e-02	3.582159e-02
1.500105625000003e-02	3.582159e-02
1.500116875000008e-02	3.582159e-02
1.500178781385454e-02	3.582159e-02
1.500182652381135e-02	3.685636e-02
1.500184303339990e-02	3.943139e-02
1.500185635752624e-02	4.353010e-02
1.500186844061818e-02	4.783253e-02
1.500188850925368e-02	5.493939e-02
1.500192734597738e-02	6.859782e-02
1.500195065042390e-02	7.673876e-02
1.500195339110696e-02	7.769050e-02
1.500195887247307e-02	7.958679e-02
1.500196983520529e-02	8.336978e-02
1.500197807453556e-02	8.620502e-02
1.500198352133947e-02	8.807400e-02
1.500198910639216e-02	8.998490e-02
1.500200000000000e-02	9.370426e-02
1.500200108936078e-02	9.407500e-02
1.500200326808235e-02	9.481601e-02
1.500200762552548e-02	9.629572e-02
1.500201634041175e-02	9.924562e-02
1.500203377018429e-02	1.051071e-01
1.500206862972936e-02	1.166768e-01
1.500213834881951e-02	1.393174e-01
1.500222988353987e-02	1.681502e-01
1.500232925646123e-02	1.982459e-01
1.500244700847407e-02	2.322673e-01
1.500259183908019e-02	2.724305e-01
1.500261745928043e-02	2.792813e-01
1.500266869968091e-02	2.926500e-01
1.500268150978103e-02	2.959541e-01
1.500270712998127e-02	3.024684e-01
1.500275837038175e-02	3.153625e-01
1.500277118048187e-02	3.185466e-01
1.500279680068210e-02	3.248245e-01
1.500284804108258e-02	3.371427e-01
1.500295052188354e-02	3.610632e-01
1.500306109404164e-02	3.858969e-01
1.500317534559615e-02	4.104983e-01
1.500325981554789e-02	4.279393e-01
1.500336211989786e-02	4.481989e-01
1.500347163885344e-02	4.690836e-01
1.500354741131451e-02	4.830000e-01
1.500363024912519e-02	4.976747e-01
1.500371843248565e-02	5.127301e-01
1.500383913743349e-02	5.324090e-01
1.500400920243830e-02	5.586560e-01
1.500417943441211e-02	5.832646e-01
1.500437407198271e-02	6.094004e-01
1.500457572055119e-02	6.342175e-01
1.500489001720156e-02	6.691080e-01
1.500521957844656e-02	7.014428e-01
1.500562539842660e-02	7.357058e-01
1.500608306483101e-02	7.678140e-01
1.500677411299831e-02	8.067257e-01
1.500740149615574e-02	8.338950e-01
1.500821201520637e-02	8.594508e-01
1.500906224878238e-02	8.787699e-01
1.500969584792668e-02	8.889527e-01
1.501024649379539e-02	8.952513e-01
1.501079791507999e-02	8.998448e-01
1.501132746556394e-02	9.029397e-01
1.501202957642365e-02	9.055415e-01
1.501282544259072e-02	9.070124e-01
1.501380278819870e-02	9.072561e-01
1.501486805270819e-02	9.061756e-01
1.501620714764567e-02	9.035453e-01
1.501777143045619e-02	8.994393e-01
1.501992109167309e-02	8.928276e-01
1.502338188573917e-02	8.812908e-01
1.502674533261505e-02	8.697338e-01
1.502953083974054e-02	8.606814e-01
1.503141612282291e-02	8.565239e-01
1.503244743704529e-02	8.574766e-01
1.503324339465625e-02	8.628883e-01
1.503399383795875e-02	8.737424e-01
1.503470386932648e-02	8.896830e-01
1.503552766044801e-02	9.132901e-01
1.503630987386975e-02	9.381196e-01
1.503708145629852e-02	9.627336e-01
1.503797063671486e-02	9.893404e-01
1.503884215140876e-02	1.012713e+00
1.503991481231245e-02	1.038094e+00
1.504113871489801e-02	1.064420e+00
1.504240887022210e-02	1.091069e+00
1.504417746254781e-02	1.129974e+00
1.504581728422568e-02	1.168712e+00
1.504756653492930e-02	1.211784e+00
1.504935750953038e-02	1.255576e+00
1.505137591353534e-02	1.303543e+00
1.505363241417672e-02	1.356312e+00
1.505608395474239e-02	1.413972e+00
1.505924644406949e-02	1.489042e+00
1.506258929540396e-02	1.568254e+00
1.506733702065942e-02	1.680191e+00
1.507234040635170e-02	1.798039e+00
1.507978858446250e-02	1.973237e+00
1.508744288882888e-02	2.152799e+00
1.508793638955877e-02	2.164370e+00
1.508842989028866e-02	2.175939e+00
1.508892339101855e-02	2.187507e+00
1.508941689174845e-02	2.199074e+00
1.508991039247834e-02	2.210641e+00
1.509040389320823e-02	2.222206e+00
1.509089739393813e-02	2.233770e+00
1.509297578009081e-02	2.282383e+00
1.509713255239618e-02	2.379416e+00
1.510293811395441e-02	2.514402e+00
1.510871949974889e-02	2.645701e+00
1.511581067305849e-02	2.791649e+00
1.512293855888567e-02	2.907105e+00
1.512776192871365e-02	2.958606e+00
1.513026674322363e-02	2.973977e+00
1.513321714804386e-02	2.985500e+00
1.513484875823010e-02	2.990521e+00
1.513653329674263e-02	2.994733e+00
1.513842577684422e-02	2.998507e+00
1.514068853657802e-02	3.001871e+00
1.514232342961380e-02	3.003574e+00
1.514405363246330e-02	3.004821e+00
1.514591817057004e-02	3.005861e+00
1.514711495279061e-02	3.006436e+00
1.514839583458396e-02	3.007003e+00
1.515015682930127e-02	3.007725e+00
1.515181270219849e-02	3.008302e+00
1.515432138723311e-02	3.008968e+00
1.515605594740695e-02	3.009271e+00
1.515806638805429e-02	3.009469e+00
1.516037884818172e-02	3.009612e+00
1.516321480963262e-02	3.009767e+00
1.516571551538115e-02	3.009907e+00
1.516863373556364e-02	3.010044e+00
1.517206312385997e-02	3.010130e+00
1.517537215362425e-02	3.010152e+00
1.517917385994756e-02	3.010163e+00
1.518289989806072e-02	3.010189e+00
1.518780299755962e-02	3.010216e+00
1.519358576193834e-02	3.010219e+00
1.519982350801133e-02	3.010217e+00
1.520734727622226e-02	3.010224e+00
1.521521022238242e-02	3.010226e+00
1.523093611470275e-02	3.010223e+00
1.524542104105843e-02	3.010224e+00
1.526658433502650e-02	3.010224e+00
1.529588121002650e-02	3.010224e+00
1.532517808502649e-02	3.010224e+00
1.535447496002649e-02	3.010224e+00
1.538377183502649e-02	3.010224e+00
1.541306871002649e-02	3.010224e+00
1.544236558502649e-02	3.010224e+00
1.547166246002649e-02	3.010224e+00
1.550095933502649e-02	3.010224e+00
1.553025621002649e-02	3.010224e+00
1.555955308502649e-02	3.010224e+00
1.558884996002649e-02	3.010224e+00
1.561814683502649e-02	3.010224e+00
1.564744371002649e-02	3.010224e+00
1.567674058502649e-02	3.010224e+00
1.570603746002649e-02	3.010224e+00
1.573533433502649e-02	3.010224e+00
1.576463121002649e-02	3.010224e+00
1.579392808502650e-02	3.010224e+00
1.582322496002650e-02	3.010224e+00
1.585252183502650e-02	3.010224e+00
1.588181871002650e-02	3.010224e+00
1.591111558502650e-02	3.010224e+00
1.594041246002650e-02	3.010224e+00
1.596970933502650e-02	3.010224e+00
1.599900621002650e-02	3.010224e+00
1.602830308502650e-02	3.010224e+00
1.605759996002650e-02	3.010224e+00
1.608689683502651e-02	3.010224e+00
1.611619371002651e-02	3.010224e+00
1.614549058502651e-02	3.010224e+00
1.617478746002651e-02	3.010224e+00
1.620408433502651e-02	3.010224e+00
1.623338121002651e-02	3.010224e+00
1.626267808502651e-02	3.010224e+00
1.629197496002651e-02	3.010224e+00
1.632127183502651e-02	3.010224e+00
1.635056871002652e-02	3.010224e+00
1.637986558502652e-02	3.010224e+00
1.640916246002652e-02	3.010224e+00
1.643845933502652e-02	3.010224e+00
1.646775621002652e-02	3.010224e+00
1.649705308502652e-02	3.010224e+00
1.652634996002652e-02	3.010224e+00
1.655564683502652e-02	3.010224e+00
1.658494371002652e-02	3.010224e+00
1.661424058502653e-02	3.010224e+00
1.664353746002653e-02	3.010224e+00
1.667283433502653e-02	3.010224e+00
1.670213121002653e-02	3.010224e+00
1.673142808502653e-02	3.010224e+00
1.676072496002653e-02	3.010224e+00
1.679002183502653e-02	3.010224e+00
1.681931871002653e-02	3.010224e+00
1.684861558502653e-02	3.010224e+00
1.687791246002654e-02	3.010224e+00
1.690720933502654e-02	3.010224e+00
1.693650621002654e-02	3.010224e+00
1.696580308502654e-02	3.010224e+00
1.699509996002654e-02	3.010224e+00
1.702439683502654e-02	3.010224e+00
1.705369371002654e-02	3.010224e+00
1.708299058502654e-02	3.010224e+00
1.711228746002654e-02	3.010224e+00
1.717088121002655e-02	3.010224e+00
1.720017808502655e-02	3.010224e+00
1.722947496002655e-02	3.010224e+00
1.725877183502655e-02	3.010224e+00
1.728806871002655e-02	3.010224e+00
1.731736558502655e-02	3.010224e+00
1.734666246002655e-02	3.010224e+00
1.743455308502656e-02	3.010224e+00
1.752244371002656e-02	3.010224e+00
1.758522272788371e-02	3.010224e+00
1.764800174574085e-02	3.010224e+00
1.771078076359800e-02	3.010224e+00
1.777355978145514e-02	3.010224e+00
1.783633879931229e-02	3.010224e+00
1.789911781716943e-02	3.010224e+00
1.796189683502658e-02	3.010224e+00
1.810838121002658e-02	3.010224e+00
1.825486558502659e-02	3.010224e+00
1.840134996002659e-02	3.010224e+00
1.854783433502660e-02	3.010224e+00
1.869431871002660e-02	3.010224e+00
1.884080308502661e-02	3.010224e+00
1.898728746002662e-02	3.010224e+00
2.999900000000000e-02	3.010224e+00
3.000000000000000e-02	3.010224e+00
