time	V(vo)
0.000000000000000e+00	6.059710e-05
1.000000000000000e-03	6.059710e-05
1.000097567076059e-03	6.059754e-05
1.000292701228177e-03	6.059837e-05
1.000581520806000e-03	6.059943e-05
1.000872090389650e-03	6.060035e-05
1.001388876782938e-03	6.060176e-05
1.001936981908280e-03	6.060310e-05
1.002834353010643e-03	6.060509e-05
1.003844600668091e-03	6.060719e-05
1.005472398846967e-03	6.061040e-05
1.007292841218307e-03	6.061389e-05
1.010042934732418e-03	6.061906e-05
1.013295733328454e-03	6.062513e-05
1.018704790777168e-03	6.063514e-05
1.026788902822584e-03	6.064989e-05
1.031325123970439e-03	6.065733e-05
1.035785416396728e-03	6.066201e-05
1.038433007411700e-03	6.066058e-05
1.040356847801337e-03	6.065324e-05
1.041993416972179e-03	6.063787e-05
1.043604826023586e-03	6.061310e-05
1.044392851054344e-03	6.059934e-05
1.044981672984324e-03	6.059190e-05
1.045596933134048e-03	6.058977e-05
1.046286806941480e-03	6.059232e-05
1.046724435195235e-03	6.059498e-05
1.047193837557744e-03	6.059744e-05
1.047718559030700e-03	6.059944e-05
1.048422378014223e-03	6.060156e-05
1.049182710177812e-03	6.060371e-05
1.049926463764871e-03	6.060593e-05
1.050726710811487e-03	6.060852e-05
1.051474197591343e-03	6.061119e-05
1.052349315106777e-03	6.061474e-05
1.053508343045159e-03	6.062038e-05
1.055337779808424e-03	6.063150e-05
1.057525692514359e-03	6.064897e-05
1.060700788188958e-03	6.068367e-05
1.064731781039067e-03	6.075122e-05
1.071134197190278e-03	6.104707e-05
1.078040335608174e-03	6.316235e-05
1.082526076038039e-03	1.061865e-04
1.084660159350368e-03	2.895036e-04
1.085879126358388e-03	7.076745e-04
1.086749917680613e-03	1.446875e-03
1.087563417910324e-03	2.773597e-03
1.088437379988497e-03	5.274232e-03
1.089492290071623e-03	1.035030e-02
1.090723906007520e-03	1.995653e-02
1.092337500449023e-03	3.782409e-02
1.093229024256509e-03	5.022189e-02
1.093709717740366e-03	5.781846e-02
1.093765589339169e-03	5.874776e-02
1.093877332536776e-03	6.065173e-02
1.094100818931989e-03	6.450000e-02
1.094142016125218e-03	6.521750e-02
1.094224410511676e-03	6.666925e-02
1.094389199284593e-03	6.959170e-02
1.094411063675575e-03	6.998209e-02
1.094454792457538e-03	7.076796e-02
1.094542250021466e-03	7.234471e-02
1.094570630390139e-03	7.285867e-02
1.094581982537609e-03	7.306472e-02
1.094594956420431e-03	7.330048e-02
1.094620904186075e-03	7.377278e-02
1.094663134033885e-03	7.454339e-02
1.094718971808172e-03	7.556633e-02
1.094811402955406e-03	7.726916e-02
1.094939134866244e-03	7.964092e-02
1.095130054136316e-03	8.321922e-02
1.095300733194520e-03	8.645254e-02
1.095522272252681e-03	9.069800e-02
1.095761967625261e-03	9.534347e-02
1.096004066595745e-03	1.000856e-01
1.096185750551112e-03	1.036779e-01
1.096360865366975e-03	1.071651e-01
1.096440551535159e-03	1.087598e-01
1.096498794914121e-03	1.099297e-01
1.096559907004262e-03	1.111599e-01
1.096597014437984e-03	1.119082e-01
1.096634726825431e-03	1.126699e-01
1.096678212808653e-03	1.135496e-01
1.096724088610276e-03	1.144791e-01
1.096773162011873e-03	1.154750e-01
1.096828003633504e-03	1.165900e-01
1.096890405422601e-03	1.178614e-01
1.096969491400842e-03	1.194768e-01
1.097084330804852e-03	1.218292e-01
1.097177596800708e-03	1.237457e-01
1.097285663660161e-03	1.259738e-01
1.097411011667250e-03	1.285676e-01
1.097562418845216e-03	1.317149e-01
1.097810413995731e-03	1.368998e-01
1.098113997112461e-03	1.432907e-01
1.098440466340433e-03	1.502281e-01
1.099043087868649e-03	1.632032e-01
1.100000000000000e-03	1.840332e-01
1.100057428605008e-03	1.853033e-01
1.100172285815022e-03	1.878472e-01
1.100692979672935e-03	1.994534e-01
1.100921953705640e-03	2.045965e-01
1.101173229840491e-03	2.102678e-01
1.101553895624454e-03	2.189060e-01
1.101970016533125e-03	2.284124e-01
1.102802258350468e-03	2.475824e-01
1.104250882561649e-03	2.812039e-01
1.105834970181906e-03	3.181694e-01
1.107743249495427e-03	3.628117e-01
1.108993313319591e-03	3.920633e-01
1.109722517217020e-03	4.091194e-01
1.109930861187714e-03	4.139910e-01
1.110347549129102e-03	4.237329e-01
1.110924569818765e-03	4.372200e-01
1.112652981940974e-03	4.775989e-01
1.116700444597257e-03	5.720384e-01
1.124209529352362e-03	7.469324e-01
1.131425629704678e-03	9.145946e-01
1.138722635089993e-03	1.083716e+00
1.147431128235462e-03	1.284981e+00
1.153583742227686e-03	1.426776e+00
1.165256693197237e-03	1.695156e+00
1.169865587072267e-03	1.800721e+00
1.179083374822326e-03	2.011370e+00
1.189531480175950e-03	2.249596e+00
1.190003138247340e-03	2.260331e+00
1.190474796318730e-03	2.271062e+00
1.190946454390120e-03	2.281788e+00
1.191418112461510e-03	2.292510e+00
1.191889770532899e-03	2.303228e+00
1.192361428604289e-03	2.313942e+00
1.192833086675679e-03	2.324651e+00
1.194889552462585e-03	2.371325e+00
1.199002484036398e-03	2.464501e+00
1.204153383077434e-03	2.580688e+00
1.208619707059506e-03	2.680310e+00
1.212312591843137e-03	2.760351e+00
1.215725503464249e-03	2.829490e+00
1.219279217959617e-03	2.893835e+00
1.221414956687910e-03	2.926203e+00
1.223997057931649e-03	2.957539e+00
1.225802953628488e-03	2.974885e+00
1.227455152375864e-03	2.987067e+00
1.229349440297803e-03	2.997634e+00
1.231757421427227e-03	3.007179e+00
1.234890632803411e-03	3.015395e+00
1.237445770768938e-03	3.019524e+00
1.239720820456021e-03	3.021581e+00
1.242298270302710e-03	3.022769e+00
1.244651654457034e-03	3.023108e+00
1.247787454466150e-03	3.022804e+00
1.251006890983533e-03	3.021917e+00
1.255247910281974e-03	3.020167e+00
1.259972681331440e-03	3.017779e+00
1.266596226440055e-03	3.014085e+00
1.274608616290281e-03	3.009850e+00
1.288400608779033e-03	3.005193e+00
1.305552196791609e-03	3.004869e+00
1.314471461832739e-03	3.007561e+00
1.320592441217769e-03	3.010265e+00
1.326461087471049e-03	3.012407e+00
1.331340336496402e-03	3.013474e+00
1.336544980497514e-03	3.013798e+00
1.344431196746524e-03	3.013226e+00
1.355534040768473e-03	3.011539e+00
1.371712641491964e-03	3.009301e+00
1.388141408280478e-03	3.008629e+00
1.401443849046950e-03	3.009475e+00
1.414659706592593e-03	3.010626e+00
1.430571372279260e-03	3.011126e+00
1.445081278644641e-03	3.010677e+00
1.459591386540537e-03	3.010051e+00
1.482386679305936e-03	3.009834e+00
1.505341806516030e-03	3.010233e+00
1.529489796354420e-03	3.010457e+00
1.558786671354420e-03	3.010210e+00
1.588083546354420e-03	3.010095e+00
1.617380421354420e-03	3.010260e+00
1.646677296354420e-03	3.010300e+00
1.675974171354420e-03	3.010183e+00
1.705271046354420e-03	3.010182e+00
1.734567921354420e-03	3.010259e+00
1.763864796354420e-03	3.010243e+00
1.793161671354420e-03	3.010196e+00
1.822458546354420e-03	3.010217e+00
1.851755421354420e-03	3.010244e+00
1.881052296354420e-03	3.010224e+00
1.910349171354420e-03	3.010211e+00
1.939646046354420e-03	3.010226e+00
1.968942921354420e-03	3.010232e+00
1.998239796354420e-03	3.010220e+00
2.027536671354420e-03	3.010219e+00
2.056833546354420e-03	3.010227e+00
2.086130421354420e-03	3.010226e+00
2.115427296354419e-03	3.010221e+00
2.144724171354419e-03	3.010223e+00
2.174021046354419e-03	3.010226e+00
2.203317921354419e-03	3.010224e+00
2.232614796354419e-03	3.010222e+00
2.261911671354418e-03	3.010224e+00
2.291208546354418e-03	3.010224e+00
2.320505421354418e-03	3.010223e+00
2.349802296354418e-03	3.010223e+00
2.379099171354418e-03	3.010224e+00
2.408396046354417e-03	3.010224e+00
2.437692921354417e-03	3.010223e+00
2.466989796354417e-03	3.010224e+00
2.496286671354417e-03	3.010224e+00
2.525583546354417e-03	3.010224e+00
2.554880421354416e-03	3.010224e+00
2.584177296354416e-03	3.010224e+00
2.613474171354416e-03	3.010224e+00
2.642771046354416e-03	3.010224e+00
2.672067921354416e-03	3.010224e+00
2.701364796354416e-03	3.010224e+00
2.730661671354415e-03	3.010224e+00
2.759958546354415e-03	3.010224e+00
2.789255421354415e-03	3.010224e+00
2.818552296354415e-03	3.010224e+00
2.847849171354415e-03	3.010224e+00
2.877146046354414e-03	3.010224e+00
2.906442921354414e-03	3.010224e+00
2.935739796354414e-03	3.010224e+00
2.965036671354414e-03	3.010224e+00
2.994333546354414e-03	3.010224e+00
3.000000000000000e-03	3.010224e+00
3.000196086275164e-03	3.010224e+00
3.000588258825491e-03	3.010224e+00
3.001372603926146e-03	3.010226e+00
3.002447968287184e-03	3.010237e+00
3.003561539294521e-03	3.010276e+00
3.005507645376653e-03	3.010478e+00
3.008127707843616e-03	3.011163e+00
3.010831396405368e-03	3.012830e+00
3.014339159853576e-03	3.017564e+00
3.019288559856724e-03	3.029023e+00
3.022520017655896e-03	3.039660e+00
3.025940455956346e-03	3.053039e+00
3.029483839213621e-03	3.067098e+00
3.031890168866166e-03	3.075968e+00
3.035108737534849e-03	3.086538e+00
3.038421539361947e-03	3.096183e+00
3.042482456052597e-03	3.106849e+00
3.047013450925784e-03	3.118214e+00
3.053394888133101e-03	3.134519e+00
3.060467558005082e-03	3.153596e+00
3.068194527146476e-03	3.175261e+00
3.078046763504145e-03	3.202870e+00
3.088639984434698e-03	3.232007e+00
3.100000000000000e-03	3.262952e+00
3.100121255082345e-03	3.263285e+00
3.100363765247036e-03	3.263951e+00
3.100841715655387e-03	3.265263e+00
3.101618075266472e-03	3.267388e+00
3.102566420713556e-03	3.269947e+00
3.103998801563675e-03	3.273657e+00
3.106110294323597e-03	3.278561e+00
3.109450546788401e-03	3.284930e+00
3.112257267807971e-03	3.288825e+00
3.115042740050711e-03	3.291210e+00
3.118069770267056e-03	3.292411e+00
3.122663614401006e-03	3.292578e+00
3.126388666045426e-03	3.291751e+00
3.130376089698822e-03	3.290156e+00
3.134701467597461e-03	3.288009e+00
3.141011444142193e-03	3.284642e+00
3.149250051064643e-03	3.280927e+00
3.163024403523939e-03	3.277687e+00
3.172477319896408e-03	3.278363e+00
3.178615888853285e-03	3.280452e+00
3.183683514567177e-03	3.282600e+00
3.188964464580677e-03	3.284500e+00
3.193428903065552e-03	3.285514e+00
3.198478870554542e-03	3.285907e+00
3.204359161464043e-03	3.285572e+00
3.212920931681754e-03	3.284306e+00
3.226758654101200e-03	3.282231e+00
3.241016965653065e-03	3.281331e+00
3.252430524781213e-03	3.281907e+00
3.263917253547210e-03	3.283054e+00
3.274901625381494e-03	3.283715e+00
3.285602636759976e-03	3.283603e+00
3.295938267349291e-03	3.283066e+00
3.311158507857887e-03	3.282458e+00
3.329000024572866e-03	3.282492e+00
3.346361601370445e-03	3.282905e+00
3.366406771874401e-03	3.283055e+00
3.391398847277342e-03	3.282780e+00
3.415338833968893e-03	3.282692e+00
3.444635708968893e-03	3.282871e+00
3.473932583968893e-03	3.282877e+00
3.503229458968892e-03	3.282769e+00
3.532526333968892e-03	3.282812e+00
3.561823208968892e-03	3.282867e+00
3.591120083968892e-03	3.282813e+00
3.620416958968892e-03	3.282799e+00
3.649713833968892e-03	3.282842e+00
3.679010708968891e-03	3.282834e+00
3.708307583968891e-03	3.282807e+00
3.737604458968891e-03	3.282825e+00
3.766901333968891e-03	3.282835e+00
3.796198208968891e-03	3.282819e+00
3.825495083968890e-03	3.282819e+00
3.854791958968890e-03	3.282830e+00
3.884088833968890e-03	3.282825e+00
3.913385708968890e-03	3.282819e+00
3.942682583968890e-03	3.282825e+00
3.971979458968890e-03	3.282826e+00
4.001276333968891e-03	3.282822e+00
4.030573208968891e-03	3.282823e+00
4.059870083968891e-03	3.282826e+00
4.089166958968891e-03	3.282824e+00
4.118463833968891e-03	3.282823e+00
4.147760708968892e-03	3.282825e+00
4.177057583968892e-03	3.282825e+00
4.206354458968892e-03	3.282823e+00
4.235651333968892e-03	3.282824e+00
4.264948208968893e-03	3.282825e+00
4.294245083968893e-03	3.282824e+00
4.323541958968893e-03	3.282824e+00
4.352838833968893e-03	3.282824e+00
4.382135708968894e-03	3.282824e+00
4.411432583968894e-03	3.282824e+00
4.440729458968894e-03	3.282824e+00
4.470026333968894e-03	3.282824e+00
4.499323208968895e-03	3.282824e+00
4.528620083968895e-03	3.282824e+00
4.557916958968895e-03	3.282824e+00
4.587213833968895e-03	3.282824e+00
4.616510708968896e-03	3.282824e+00
4.645807583968896e-03	3.282824e+00
4.675104458968896e-03	3.282824e+00
4.704401333968896e-03	3.282824e+00
4.733698208968897e-03	3.282824e+00
4.762995083968897e-03	3.282824e+00
4.792291958968897e-03	3.282824e+00
4.821588833968897e-03	3.282824e+00
4.850885708968898e-03	3.282824e+00
4.880182583968898e-03	3.282824e+00
4.938776333968898e-03	3.282824e+00
4.968073208968899e-03	3.282824e+00
4.997370083968899e-03	3.282824e+00
5.026666958968899e-03	3.282824e+00
5.055963833968899e-03	3.282824e+00
5.085260708968900e-03	3.282824e+00
5.114557583968900e-03	3.282824e+00
5.143854458968900e-03	3.282824e+00
5.173151333968900e-03	3.282824e+00
5.231745083968901e-03	3.282824e+00
5.290338833968901e-03	3.282824e+00
5.348932583968902e-03	3.282824e+00
5.441008476826045e-03	3.282824e+00
5.533084369683189e-03	3.282824e+00
5.625160262540333e-03	3.282824e+00
5.717236155397477e-03	3.282824e+00
5.809312048254620e-03	3.282824e+00
5.901387941111763e-03	3.282824e+00
5.993463833968907e-03	3.282824e+00
6.000000000000000e-03	3.282824e+00
6.000194555883145e-03	3.282824e+00
6.000583667649433e-03	3.282824e+00
6.001361891182012e-03	3.282821e+00
6.002432839121041e-03	3.282808e+00
6.003542518780138e-03	3.282765e+00
6.005479587837886e-03	3.282557e+00
6.008566934308300e-03	3.281852e+00
6.011662597846561e-03	3.280603e+00
6.015324619852235e-03	3.278441e+00
6.018916459623804e-03	3.275755e+00
6.025359233719365e-03	3.270271e+00
6.032006260321175e-03	3.264305e+00
6.038226525446081e-03	3.258604e+00
6.047836725373725e-03	3.249758e+00
6.061786234012390e-03	3.236929e+00
6.082480737132785e-03	3.217952e+00
6.100000000000000e-03	3.201936e+00
6.102559723007283e-03	3.199606e+00
6.107679169021849e-03	3.194950e+00
6.113994473814186e-03	3.189215e+00
6.120816355936223e-03	3.183033e+00
6.134313016881552e-03	3.170840e+00
6.153106156496287e-03	3.153943e+00
6.182403031496287e-03	3.127761e+00
6.206931399870727e-03	3.105969e+00
6.218927135380916e-03	3.095368e+00
6.229089217910495e-03	3.086418e+00
6.232944813088672e-03	3.083029e+00
6.235538951033740e-03	3.080751e+00
6.236256682362304e-03	3.080121e+00
6.236636834019094e-03	3.079788e+00
6.237570433531596e-03	3.078969e+00
6.239753671864631e-03	3.077055e+00
6.249632112767903e-03	3.068413e+00
6.257443346539556e-03	3.061598e+00
6.270179437247794e-03	3.050527e+00
6.295592738964483e-03	3.028555e+00
6.324889613964483e-03	3.003399e+00
6.354186488964483e-03	2.978445e+00
6.382682855395218e-03	2.954360e+00
6.404750746800649e-03	2.935841e+00
6.425679615540568e-03	2.918400e+00
6.452400223870908e-03	2.896288e+00
6.481697098870909e-03	2.872226e+00
6.510993973870909e-03	2.848314e+00
6.513075729457364e-03	2.846622e+00
6.517239240630274e-03	2.843251e+00
6.525566262976094e-03	2.836516e+00
6.530014057090846e-03	2.832923e+00
6.531126005619533e-03	2.832028e+00
6.533349902676910e-03	2.830264e+00
6.534635052886527e-03	2.829340e+00
6.535624180801717e-03	2.828855e+00
6.536440414737681e-03	2.828857e+00
6.537247975636844e-03	2.829540e+00
6.538047089141373e-03	2.831346e+00
6.539010316016042e-03	2.835893e+00
6.540444448675816e-03	2.847497e+00
6.541898287392589e-03	2.864444e+00
6.543329263961084e-03	2.884942e+00
6.544333465687838e-03	2.900456e+00
6.545185716782666e-03	2.913740e+00
6.545294623109055e-03	2.915409e+00
6.545512435761832e-03	2.918675e+00
6.545948061067386e-03	2.925091e+00
6.546264793766874e-03	2.929638e+00
6.546615735467022e-03	2.934505e+00
6.547128707358935e-03	2.941341e+00
6.547620157601115e-03	2.947583e+00
6.548109436103750e-03	2.953444e+00
6.548694922251383e-03	2.959948e+00
6.549615124949701e-03	2.969133e+00
6.550929690733107e-03	2.980103e+00
6.553421365960065e-03	2.995599e+00
6.557000153464082e-03	3.010805e+00
6.559121444990352e-03	3.016490e+00
6.560995371024166e-03	3.019476e+00
6.563311079109416e-03	3.021756e+00
6.565687510972382e-03	3.023041e+00
6.568139268218668e-03	3.023525e+00
6.570784031517101e-03	3.023379e+00
6.573926381241605e-03	3.022605e+00
6.577700156426451e-03	3.021133e+00
6.582371839878246e-03	3.018820e+00
6.588177784545563e-03	3.015570e+00
6.595866920262095e-03	3.011207e+00
6.606922298779873e-03	3.006676e+00
6.627245305051546e-03	3.004343e+00
6.637348931419863e-03	3.006638e+00
6.643277503573441e-03	3.009263e+00
6.649476445772668e-03	3.011831e+00
6.654342633024378e-03	3.013191e+00
6.659361199206452e-03	3.013812e+00
6.665417992046204e-03	3.013678e+00
6.675617717513887e-03	3.012337e+00
6.690672097972966e-03	3.009951e+00
6.705934622418835e-03	3.008587e+00
6.720035200724887e-03	3.008945e+00
6.732663828069460e-03	3.010128e+00
6.744990781821166e-03	3.011034e+00
6.758199580777554e-03	3.011129e+00
6.770569740884631e-03	3.010611e+00
6.787393414784292e-03	3.009941e+00
6.809671280582474e-03	3.009873e+00
6.831793900729283e-03	3.010281e+00
6.857411564950669e-03	3.010433e+00
6.886708439950670e-03	3.010172e+00
6.916005314950670e-03	3.010112e+00
6.945302189950670e-03	3.010282e+00
6.974599064950670e-03	3.010284e+00
7.003895939950671e-03	3.010172e+00
7.033192814950671e-03	3.010195e+00
7.062489689950671e-03	3.010264e+00
7.091786564950671e-03	3.010234e+00
7.121083439950672e-03	3.010195e+00
7.150380314950672e-03	3.010223e+00
7.179677189950672e-03	3.010243e+00
7.208974064950672e-03	3.010220e+00
7.238270939950673e-03	3.010212e+00
7.267567814950673e-03	3.010229e+00
7.296864689950673e-03	3.010230e+00
7.326161564950673e-03	3.010219e+00
7.355458439950674e-03	3.010221e+00
7.384755314950674e-03	3.010228e+00
7.414052189950674e-03	3.010225e+00
7.443349064950674e-03	3.010221e+00
7.472645939950675e-03	3.010223e+00
7.501942814950675e-03	3.010226e+00
7.531239689950675e-03	3.010223e+00
7.560536564950675e-03	3.010222e+00
7.589833439950676e-03	3.010224e+00
7.619130314950676e-03	3.010224e+00
7.648427189950676e-03	3.010223e+00
7.677724064950676e-03	3.010223e+00
7.707020939950677e-03	3.010224e+00
7.736317814950677e-03	3.010224e+00
7.765614689950677e-03	3.010223e+00
7.794911564950677e-03	3.010224e+00
7.824208439950677e-03	3.010224e+00
7.853505314950677e-03	3.010224e+00
7.882802189950676e-03	3.010224e+00
7.912099064950676e-03	3.010224e+00
7.941395939950675e-03	3.010224e+00
7.970692814950674e-03	3.010224e+00
7.999989689950674e-03	3.010224e+00
8.029286564950673e-03	3.010224e+00
8.058583439950672e-03	3.010224e+00
8.087880314950672e-03	3.010224e+00
8.117177189950671e-03	3.010224e+00
8.146474064950671e-03	3.010224e+00
8.175770939950670e-03	3.010224e+00
8.205067814950669e-03	3.010224e+00
8.234364689950669e-03	3.010224e+00
8.263661564950668e-03	3.010224e+00
8.292958439950667e-03	3.010224e+00
8.322255314950667e-03	3.010224e+00
8.351552189950666e-03	3.010224e+00
8.380849064950666e-03	3.010224e+00
8.439442814950664e-03	3.010224e+00
8.498036564950663e-03	3.010224e+00
8.556630314950662e-03	3.010224e+00
8.615224064950661e-03	3.010224e+00
8.812906341386281e-03	3.010224e+00
9.010588617821901e-03	3.010224e+00
9.208270894257520e-03	3.010224e+00
9.405953170693140e-03	3.010224e+00
9.603635447128760e-03	3.010224e+00
9.801317723564379e-03	3.010224e+00
9.998999999999999e-03	3.010224e+00
1.000000000000000e-02	3.010224e+00
1.000010000000000e-02	3.010224e+00
1.000030000000000e-02	3.010224e+00
1.000060000000000e-02	2.968047e+00
1.000072381093221e-02	2.869249e+00
1.000080311162125e-02	2.745124e+00
1.000086333120976e-02	2.638826e+00
1.000090418776271e-02	2.570548e+00
1.000094017616426e-02	2.512983e+00
1.000096124607525e-02	2.480579e+00
1.000100000000000e-02	2.422632e+00
1.000100387539248e-02	2.417037e+00
1.000101162617742e-02	2.405924e+00
1.000102712774732e-02	2.384058e+00
1.000105813088712e-02	2.341736e+00
1.000112013716672e-02	2.262251e+00
1.000124414972591e-02	2.117225e+00
1.000137403760881e-02	1.982372e+00
1.000152069227417e-02	1.848628e+00
1.000162559601375e-02	1.762190e+00
1.000163971471314e-02	1.751398e+00
1.000166795211191e-02	1.730852e+00
1.000172442690946e-02	1.690743e+00
1.000173184916098e-02	1.685606e+00
1.000174669366404e-02	1.675591e+00
1.000177638267015e-02	1.655998e+00
1.000182255708239e-02	1.626486e+00
1.000187149717774e-02	1.596639e+00
1.000195428590298e-02	1.548425e+00
1.000197498308429e-02	1.536903e+00
1.000201767102074e-02	1.513904e+00
1.000202543246373e-02	1.509833e+00
1.000203578105438e-02	1.504458e+00
1.000205647823569e-02	1.493887e+00
1.000209787259831e-02	1.473432e+00
1.000218066132355e-02	1.434310e+00
1.000224687571035e-02	1.404583e+00
1.000229889763700e-02	1.382403e+00
1.000234304901237e-02	1.364360e+00
1.000238602502755e-02	1.347378e+00
1.000241145753281e-02	1.337599e+00
1.000243437443558e-02	1.328996e+00
1.000246257531171e-02	1.318679e+00
1.000251897706397e-02	1.298670e+00
1.000256989145183e-02	1.281317e+00
1.000264561639061e-02	1.256736e+00
1.000272139538336e-02	1.233449e+00
1.000281825287499e-02	1.205312e+00
1.000287993595699e-02	1.188251e+00
1.000292115913730e-02	1.177334e+00
1.000296936155014e-02	1.164994e+00
1.000301713648558e-02	1.153163e+00
1.000308046931054e-02	1.138041e+00
1.000314455406631e-02	1.123352e+00
1.000322618531784e-02	1.105495e+00
1.000331730490411e-02	1.086642e+00
1.000345265989980e-02	1.060328e+00
1.000357241867940e-02	1.038435e+00
1.000366084616705e-02	1.023182e+00
1.000373877636792e-02	1.010387e+00
1.000382626516287e-02	9.966446e-01
1.000392273599573e-02	9.821738e-01
1.000403948037934e-02	9.655495e-01
1.000418357295305e-02	9.461500e-01
1.000432467760679e-02	9.282494e-01
1.000447394885904e-02	9.104359e-01
1.000463230159193e-02	8.924487e-01
1.000466932375679e-02	8.884141e-01
1.000474336808652e-02	8.806452e-01
1.000489145674598e-02	8.657913e-01
1.000518763406490e-02	8.378107e-01
1.000547272251305e-02	8.122271e-01
1.000552519238882e-02	8.076803e-01
1.000563013214037e-02	7.986873e-01
1.000584001164345e-02	7.804105e-01
1.000611515564614e-02	7.555227e-01
1.000631784845547e-02	7.358046e-01
1.000658433129508e-02	7.068685e-01
1.000692263872998e-02	6.655265e-01
1.000713088844106e-02	6.368945e-01
1.000729222010120e-02	6.121667e-01
1.000750343896329e-02	5.771607e-01
1.000764914835926e-02	5.516589e-01
1.000774944745716e-02	5.334790e-01
1.000780619675432e-02	5.230317e-01
1.000784640296262e-02	5.155817e-01
1.000788633683569e-02	5.081639e-01
1.000792555722922e-02	5.008751e-01
1.000799132297684e-02	4.886860e-01
1.000811671177227e-02	4.656843e-01
1.000830157419276e-02	4.322318e-01
1.000832764063007e-02	4.275974e-01
1.000837977350469e-02	4.185077e-01
1.000848403925392e-02	4.007908e-01
1.000869257075240e-02	3.668043e-01
1.000889151723229e-02	3.360393e-01
1.000902511887158e-02	3.164698e-01
1.000909661184952e-02	3.064390e-01
1.000914695054718e-02	2.995785e-01
1.000918522373916e-02	2.944579e-01
1.000920751651691e-02	2.915163e-01
1.000923073253190e-02	2.884947e-01
1.000927716456189e-02	2.825435e-01
1.000932835379709e-02	2.761186e-01
1.000939697744217e-02	2.677395e-01
1.000947118761213e-02	2.589989e-01
1.000957608014242e-02	2.472219e-01
1.000970463697334e-02	2.336735e-01
1.000987244511792e-02	2.173186e-01
1.001004429478899e-02	2.019469e-01
1.001021181821031e-02	1.882266e-01
1.001039171994948e-02	1.746936e-01
1.001059422701059e-02	1.606908e-01
1.001082283661513e-02	1.462151e-01
1.001107003758846e-02	1.319882e-01
1.001134351742394e-02	1.177965e-01
1.001162123157161e-02	1.049505e-01
1.001195277354843e-02	9.145482e-02
1.001230676415548e-02	7.875246e-02
1.001253486640051e-02	7.141722e-02
1.001262935427450e-02	6.862141e-02
1.001270980046509e-02	6.634883e-02
1.001272971398244e-02	6.579983e-02
1.001276141491297e-02	6.494110e-02
1.001279250333227e-02	6.410936e-02
1.001282604236235e-02	6.322738e-02
1.001289129288622e-02	6.154587e-02
1.001295110354652e-02	6.004936e-02
1.001307072486711e-02	5.717212e-02
1.001319697213009e-02	5.430798e-02
1.001344946665607e-02	4.902756e-02
1.001372486679665e-02	4.382114e-02
1.001403377571048e-02	3.863972e-02
1.001432405734636e-02	3.421965e-02
1.001433834033905e-02	3.401699e-02
1.001436690632443e-02	3.362862e-02
1.001442403829520e-02	3.286863e-02
1.001453830223672e-02	3.140145e-02
1.001467825569398e-02	2.968522e-02
1.001480802041158e-02	2.816108e-02
1.001482882893341e-02	2.792528e-02
1.001487044597705e-02	2.746703e-02
1.001495368006435e-02	2.657877e-02
1.001512014823894e-02	2.491051e-02
1.001545308458813e-02	2.186508e-02
1.001577256395029e-02	1.928419e-02
1.001618865246199e-02	1.641396e-02
1.001668665174993e-02	1.355297e-02
1.001730900738454e-02	1.068503e-02
1.001802887522497e-02	8.127032e-03
1.001888920262173e-02	5.872037e-03
1.001987583449874e-02	4.053482e-03
1.002104668027959e-02	2.625889e-03
1.002237322103677e-02	1.617174e-03
1.002342257049503e-02	1.167530e-03
1.002416914364255e-02	1.052956e-03
1.002486094957460e-02	1.148334e-03
1.002554985362844e-02	1.519365e-03
1.002621928150929e-02	2.322407e-03
1.002701823200435e-02	4.125944e-03
1.002790069023785e-02	7.263538e-03
1.002844205746994e-02	9.821726e-03
1.002850204818535e-02	1.015794e-02
1.002862202961618e-02	1.087952e-02
1.002865202497388e-02	1.106396e-02
1.002872701336815e-02	1.153459e-02
1.002882543563562e-02	1.216942e-02
1.002883668389476e-02	1.224323e-02
1.002885168157362e-02	1.234213e-02
1.002888167693132e-02	1.254150e-02
1.002894166764673e-02	1.294599e-02
1.002904362304360e-02	1.365011e-02
1.002922004025505e-02	1.491339e-02
1.002949473856338e-02	1.696593e-02
1.002975914031691e-02	1.903036e-02
1.003004618219022e-02	2.136715e-02
1.003041230015354e-02	2.445883e-02
1.003094706299791e-02	2.911398e-02
1.003155387513802e-02	3.452009e-02
1.003270677477035e-02	4.492849e-02
1.003411268793833e-02	5.764292e-02
1.003602589056283e-02	7.482063e-02
1.003797143005948e-02	9.206038e-02
1.003903556556900e-02	1.013407e-01
1.003968125175714e-02	1.068862e-01
1.004036653244766e-02	1.127085e-01
1.004071711361967e-02	1.156610e-01
1.004111307580592e-02	1.189683e-01
1.004151411889405e-02	1.222946e-01
1.004184419132862e-02	1.250141e-01
1.004210715999453e-02	1.271683e-01
1.004229773628055e-02	1.287229e-01
1.004238167832693e-02	1.294055e-01
1.004250002736751e-02	1.303654e-01
1.004258058231287e-02	1.310175e-01
1.004267656645159e-02	1.317928e-01
1.004277845151735e-02	1.326139e-01
1.004292347680850e-02	1.337788e-01
1.004314826851263e-02	1.355769e-01
1.004370697160458e-02	1.400040e-01
1.004418827857145e-02	1.437631e-01
1.004493978356316e-02	1.495239e-01
1.004628155747643e-02	1.595283e-01
1.004729825668705e-02	1.666729e-01
1.004823006269888e-02	1.722330e-01
1.004918676139331e-02	1.764404e-01
1.004962008872031e-02	1.776144e-01
1.004985636636511e-02	1.779474e-01
1.005013725704906e-02	1.781713e-01
1.005042539241343e-02	1.783239e-01
1.005062112977858e-02	1.784065e-01
1.005082152674343e-02	1.784910e-01
1.005106071061973e-02	1.786031e-01
1.005130992296759e-02	1.787308e-01
1.005160654047204e-02	1.788817e-01
1.005193470351034e-02	1.790215e-01
1.005224702243868e-02	1.791049e-01
1.005253329604987e-02	1.791221e-01
1.005284958027002e-02	1.790768e-01
1.005316096671508e-02	1.789819e-01
1.005359959047281e-02	1.788077e-01
1.005387000448127e-02	1.786956e-01
1.005416482710179e-02	1.785812e-01
1.005456276179511e-02	1.784417e-01
1.005495299680246e-02	1.783092e-01
1.005548537083484e-02	1.781131e-01
1.005589975042292e-02	1.779339e-01
1.005643100941235e-02	1.776710e-01
1.005691127659759e-02	1.774202e-01
1.005739620463529e-02	1.771699e-01
1.005793426320552e-02	1.769032e-01
1.005853607458905e-02	1.766096e-01
1.005926004697874e-02	1.762467e-01
1.006000462911807e-02	1.758597e-01
1.006078634907151e-02	1.754502e-01
1.006155632979495e-02	1.750537e-01
1.006255262906268e-02	1.745450e-01
1.006371136341125e-02	1.739493e-01
1.006494795774661e-02	1.733133e-01
1.006643404051244e-02	1.725560e-01
1.006799859338102e-02	1.717629e-01
1.006998667876890e-02	1.707593e-01
1.007499476931988e-02	1.682685e-01
1.008402413433874e-02	1.638947e-01
1.009305349935760e-02	1.596607e-01
1.010208286437645e-02	1.555667e-01
1.011111222939531e-02	1.516126e-01
1.012014159441417e-02	1.477984e-01
1.012917095943303e-02	1.441240e-01
1.013820032445188e-02	1.405897e-01
1.016749719945188e-02	1.297701e-01
1.019679407445188e-02	1.199674e-01
1.022609094945188e-02	1.111750e-01
1.025538782445188e-02	1.032917e-01
1.028468469945188e-02	9.622580e-02
1.031398157445188e-02	8.989412e-02
1.034327844945188e-02	8.422168e-02
1.037257532445188e-02	7.914078e-02
1.040187219945188e-02	7.459052e-02
1.043116907445188e-02	7.051603e-02
1.046046594945188e-02	6.686805e-02
1.048976282445188e-02	6.360226e-02
1.051905969945188e-02	6.067893e-02
1.054835657445188e-02	5.806235e-02
1.057765344945187e-02	5.572052e-02
1.060695032445187e-02	5.362471e-02
1.063624719945187e-02	5.174920e-02
1.066554407445187e-02	5.007091e-02
1.069484094945187e-02	4.856918e-02
1.072413782445187e-02	4.722549e-02
1.075343469945187e-02	4.602325e-02
1.078273157445187e-02	4.494761e-02
1.081202844945187e-02	4.398526e-02
1.084132532445187e-02	4.312430e-02
1.087062219945187e-02	4.235405e-02
1.089991907445187e-02	4.166499e-02
1.092921594945187e-02	4.104856e-02
1.095851282445187e-02	4.049712e-02
1.098780969945187e-02	4.000382e-02
1.101710657445187e-02	3.956255e-02
1.104640344945186e-02	3.916780e-02
1.107570032445186e-02	3.881471e-02
1.110499719945186e-02	3.849884e-02
1.113429407445186e-02	3.821632e-02
1.116359094945186e-02	3.796358e-02
1.119288782445186e-02	3.773753e-02
1.122218469945186e-02	3.753531e-02
1.125148157445186e-02	3.735444e-02
1.128077844945186e-02	3.719265e-02
1.131007532445186e-02	3.704794e-02
1.133937219945186e-02	3.691849e-02
1.136866907445186e-02	3.680272e-02
1.139796594945186e-02	3.669915e-02
1.142726282445186e-02	3.660652e-02
1.145655969945186e-02	3.652367e-02
1.148585657445186e-02	3.644956e-02
1.151515344945185e-02	3.638327e-02
1.154445032445185e-02	3.632398e-02
1.157374719945185e-02	3.627095e-02
1.160304407445185e-02	3.622351e-02
1.163234094945185e-02	3.618108e-02
1.166163782445185e-02	3.614313e-02
1.169093469945185e-02	3.610919e-02
1.172023157445185e-02	3.607883e-02
1.174952844945185e-02	3.605168e-02
1.177882532445185e-02	3.602738e-02
1.180812219945185e-02	3.600566e-02
1.183741907445185e-02	3.598623e-02
1.186671594945185e-02	3.596886e-02
1.189601282445185e-02	3.595330e-02
1.192530969945185e-02	3.593940e-02
1.195460657445185e-02	3.592696e-02
1.198390344945184e-02	3.591584e-02
1.201320032445184e-02	3.590589e-02
1.204249719945184e-02	3.589699e-02
1.207179407445184e-02	3.588903e-02
1.210109094945184e-02	3.588191e-02
1.213038782445184e-02	3.587554e-02
1.215968469945184e-02	3.586985e-02
1.218898157445184e-02	3.586475e-02
1.221827844945184e-02	3.586020e-02
1.224757532445184e-02	3.585612e-02
1.227687219945184e-02	3.585248e-02
1.230616907445184e-02	3.584922e-02
1.233546594945184e-02	3.584630e-02
1.236476282445184e-02	3.584369e-02
1.239405969945184e-02	3.584136e-02
1.242335657445184e-02	3.583927e-02
1.245265344945183e-02	3.583740e-02
1.248195032445183e-02	3.583574e-02
1.251124719945183e-02	3.583424e-02
1.254054407445183e-02	3.583291e-02
1.256984094945183e-02	3.583171e-02
1.259913782445183e-02	3.583065e-02
1.262843469945183e-02	3.582969e-02
1.265773157445183e-02	3.582884e-02
1.268702844945183e-02	3.582807e-02
1.271632532445183e-02	3.582739e-02
1.274562219945183e-02	3.582677e-02
1.277491907445183e-02	3.582623e-02
1.280421594945183e-02	3.582574e-02
1.283351282445183e-02	3.582530e-02
1.286280969945183e-02	3.582491e-02
1.289210657445183e-02	3.582456e-02
1.292140344945182e-02	3.582425e-02
1.295070032445182e-02	3.582397e-02
1.297999719945182e-02	3.582371e-02
1.300929407445182e-02	3.582349e-02
1.303859094945182e-02	3.582329e-02
1.306788782445182e-02	3.582311e-02
1.309718469945182e-02	3.582295e-02
1.312648157445182e-02	3.582281e-02
1.315577844945182e-02	3.582268e-02
1.318507532445182e-02	3.582256e-02
1.321437219945182e-02	3.582246e-02
1.324366907445182e-02	3.582237e-02
1.327296594945182e-02	3.582229e-02
1.330226282445182e-02	3.582221e-02
1.333155969945182e-02	3.582215e-02
1.336085657445182e-02	3.582209e-02
1.339015344945181e-02	3.582204e-02
1.341945032445181e-02	3.582199e-02
1.344874719945181e-02	3.582195e-02
1.347804407445181e-02	3.582191e-02
1.350734094945181e-02	3.582188e-02
1.353663782445181e-02	3.582184e-02
1.356593469945181e-02	3.582182e-02
1.359523157445181e-02	3.582180e-02
1.362452844945181e-02	3.582178e-02
1.365382532445181e-02	3.582175e-02
1.368312219945181e-02	3.582174e-02
1.371241907445181e-02	3.582172e-02
1.374171594945181e-02	3.582171e-02
1.377101282445181e-02	3.582169e-02
1.380030969945181e-02	3.582169e-02
1.382960657445181e-02	3.582167e-02
1.385890344945180e-02	3.582167e-02
1.388820032445180e-02	3.582166e-02
1.391749719945180e-02	3.582165e-02
1.394679407445180e-02	3.582165e-02
1.397609094945180e-02	3.582164e-02
1.400538782445180e-02	3.582164e-02
1.403468469945180e-02	3.582163e-02
1.406398157445180e-02	3.582163e-02
1.409327844945180e-02	3.582162e-02
1.412257532445180e-02	3.582162e-02
1.415187219945180e-02	3.582162e-02
1.418116907445180e-02	3.582162e-02
1.421046594945180e-02	3.582161e-02
1.423976282445180e-02	3.582161e-02
1.426905969945180e-02	3.582161e-02
1.429835657445180e-02	3.582161e-02
1.432765344945179e-02	3.582161e-02
1.435695032445179e-02	3.582161e-02
1.438624719945179e-02	3.582160e-02
1.441554407445179e-02	3.582160e-02
1.447413782445179e-02	3.582160e-02
1.450343469945179e-02	3.582160e-02
1.453273157445179e-02	3.582160e-02
1.456202844945179e-02	3.582159e-02
1.459132532445179e-02	3.582160e-02
1.462062219945179e-02	3.582160e-02
1.464991907445179e-02	3.582160e-02
1.467921594945179e-02	3.582159e-02
1.470851282445179e-02	3.582159e-02
1.473780969945179e-02	3.582159e-02
1.476710657445179e-02	3.582159e-02
1.479640344945178e-02	3.582159e-02
1.482570032445178e-02	3.582159e-02
1.485499719945178e-02	3.582159e-02
1.488429407445178e-02	3.582159e-02
1.491359094945178e-02	3.582159e-02
1.494288782445178e-02	3.582159e-02
1.497218469945178e-02	3.582152e-02
1.497318469945178e-02	3.582146e-02
1.497518469945178e-02	3.582146e-02
1.497918469945178e-02	3.582164e-02
1.498718469945177e-02	3.582137e-02
1.498818469945177e-02	3.582145e-02
1.499018469945177e-02	3.582165e-02
1.499418469945176e-02	3.582147e-02
1.499518469945176e-02	3.582145e-02
1.499718469945176e-02	3.582164e-02
1.499818469945176e-02	3.582174e-02
1.499900000000000e-02	3.582172e-02
1.499936939890352e-02	3.582167e-02
1.500010819671056e-02	3.582155e-02
1.500100000000000e-02	3.582144e-02
1.500108918032894e-02	3.582144e-02
1.500126754098683e-02	3.582145e-02
1.500162426230261e-02	3.582148e-02
1.500180360752519e-02	3.615453e-02
1.500188468108788e-02	3.679767e-02
1.500188621680588e-02	3.682532e-02
1.500189543111392e-02	3.704512e-02
1.500190771685796e-02	3.733808e-02
1.500193228834606e-02	3.792371e-02
1.500196286264449e-02	3.865176e-02
1.500200000000000e-02	3.953470e-02
1.500201063354975e-02	3.978716e-02
1.500202126709949e-02	4.003940e-02
1.500203190064924e-02	4.029140e-02
1.500204253419898e-02	4.054317e-02
1.500205316774873e-02	4.079471e-02
1.500206380129848e-02	4.104602e-02
1.500207443484822e-02	4.129710e-02
1.500215127082059e-02	4.310210e-02
1.500230494276531e-02	4.666842e-02
1.500250155466393e-02	5.114547e-02
1.500269058138814e-02	5.533288e-02
1.500292192706189e-02	6.027345e-02
1.500321866655436e-02	6.627193e-02
1.500381214553931e-02	7.747398e-02
1.500436550935677e-02	8.720396e-02
1.500489223524666e-02	9.591787e-02
1.500548953814816e-02	1.055081e-01
1.500603550149993e-02	1.142721e-01
1.500657014771477e-02	1.230593e-01
1.500717020842313e-02	1.333705e-01
1.500808515977768e-02	1.499284e-01
1.500891555637883e-02	1.656402e-01
1.500948591282024e-02	1.767596e-01
1.500996766514286e-02	1.862615e-01
1.501050745134183e-02	1.968930e-01
1.501112059747478e-02	2.088576e-01
1.501180626195152e-02	2.220369e-01
1.501279684404074e-02	2.407953e-01
1.501350121498223e-02	2.540028e-01
1.501420893460406e-02	2.672348e-01
1.501501590682008e-02	2.823881e-01
1.501592906022041e-02	2.996818e-01
1.501733974605124e-02	3.265943e-01
1.501752244634992e-02	3.300961e-01
1.501788784694729e-02	3.371169e-01
1.501861864814202e-02	3.511501e-01
1.501992933642332e-02	3.762802e-01
1.502116171657903e-02	3.998728e-01
1.502263218408941e-02	4.280286e-01
1.502428120904526e-02	4.596838e-01
1.502604933494429e-02	4.937378e-01
1.502758924195483e-02	5.234773e-01
1.502935640631762e-02	5.576966e-01
1.503597014577787e-02	6.866309e-01
1.503968769108306e-02	7.599187e-01
1.504712278169344e-02	9.083079e-01
1.505582269204732e-02	1.085077e+00
1.506722046069782e-02	1.323299e+00
1.508762226496397e-02	1.760836e+00
1.509128437433897e-02	1.841180e+00
1.509860859308897e-02	2.004761e+00
1.511325703058897e-02	2.333771e+00
1.511356901025993e-02	2.340804e+00
1.511393391505364e-02	2.349049e+00
1.511429881984735e-02	2.357294e+00
1.511466372464107e-02	2.365539e+00
1.511502862943478e-02	2.373784e+00
1.511539353422849e-02	2.382029e+00
1.511575843902220e-02	2.390274e+00
1.511612334381591e-02	2.398519e+00
1.511861918118359e-02	2.454874e+00
1.512361085591895e-02	2.567071e+00
1.512981851734981e-02	2.704165e+00
1.513471202432580e-02	2.806073e+00
1.513924225179373e-02	2.890171e+00
1.514169246401008e-02	2.927406e+00
1.514471063209856e-02	2.962755e+00
1.514683575110674e-02	2.981322e+00
1.514929690351254e-02	2.996680e+00
1.515127518890632e-02	3.005550e+00
1.515328998392536e-02	3.011810e+00
1.515563351763668e-02	3.016744e+00
1.515816765563164e-02	3.020148e+00
1.516056240261529e-02	3.021986e+00
1.516318173900142e-02	3.022928e+00
1.516554133796199e-02	3.023085e+00
1.516875756226783e-02	3.022591e+00
1.517213568109971e-02	3.021520e+00
1.517660883274617e-02	3.019543e+00
1.518169333412506e-02	3.016888e+00
1.518692588209164e-02	3.013929e+00
1.519200601183009e-02	3.011021e+00
1.519751430343012e-02	3.008062e+00
1.520439309868117e-02	3.005140e+00
1.521377249065054e-02	3.003200e+00
1.522289858500060e-02	3.003926e+00
1.522912486404780e-02	3.006051e+00
1.523420329611061e-02	3.008433e+00
1.523971623463505e-02	3.010897e+00
1.524463238042538e-02	3.012542e+00
1.525003906599860e-02	3.013557e+00
1.525552247463595e-02	3.013772e+00
1.526321240865584e-02	3.013065e+00
1.527768746127890e-02	3.010824e+00
1.529408175115336e-02	3.008948e+00
1.531076816690102e-02	3.008853e+00
1.532449304008521e-02	3.009953e+00
1.533804062133384e-02	3.010986e+00
1.535132742393107e-02	3.011141e+00
1.536403079525284e-02	3.010622e+00
1.538049118063974e-02	3.009955e+00
1.540278437963329e-02	3.009864e+00
1.542521626259612e-02	3.010271e+00
1.545131270458988e-02	3.010432e+00
1.548060957958988e-02	3.010172e+00
1.550990645458988e-02	3.010110e+00
1.553920332958988e-02	3.010282e+00
1.556850020458988e-02	3.010285e+00
1.559779707958988e-02	3.010172e+00
1.562709395458988e-02	3.010194e+00
1.565639082958988e-02	3.010264e+00
1.568568770458988e-02	3.010234e+00
1.571498457958988e-02	3.010195e+00
1.574428145458988e-02	3.010223e+00
1.577357832958988e-02	3.010243e+00
1.580287520458988e-02	3.010220e+00
1.583217207958989e-02	3.010212e+00
1.586146895458989e-02	3.010229e+00
1.589076582958989e-02	3.010231e+00
1.592006270458989e-02	3.010219e+00
1.594935957958989e-02	3.010220e+00
1.597865645458989e-02	3.010228e+00
1.600795332958989e-02	3.010225e+00
1.603725020458989e-02	3.010221e+00
1.606654707958989e-02	3.010223e+00
1.609584395458990e-02	3.010226e+00
1.612514082958990e-02	3.010223e+00
1.615443770458990e-02	3.010222e+00
1.618373457958990e-02	3.010224e+00
1.621303145458990e-02	3.010224e+00
1.624232832958990e-02	3.010223e+00
1.627162520458990e-02	3.010223e+00
1.630092207958990e-02	3.010224e+00
1.633021895458990e-02	3.010224e+00
1.635951582958991e-02	3.010223e+00
1.638881270458991e-02	3.010224e+00
1.641810957958991e-02	3.010224e+00
1.644740645458991e-02	3.010224e+00
1.647670332958991e-02	3.010224e+00
1.650600020458991e-02	3.010224e+00
1.653529707958991e-02	3.010224e+00
1.656459395458991e-02	3.010224e+00
1.659389082958991e-02	3.010224e+00
1.662318770458992e-02	3.010224e+00
1.665248457958992e-02	3.010224e+00
1.668178145458992e-02	3.010224e+00
1.671107832958992e-02	3.010224e+00
1.674037520458992e-02	3.010224e+00
1.676967207958992e-02	3.010224e+00
1.679896895458992e-02	3.010224e+00
1.682826582958992e-02	3.010224e+00
1.685756270458992e-02	3.010224e+00
1.688685957958993e-02	3.010224e+00
1.691615645458993e-02	3.010224e+00
1.694545332958993e-02	3.010224e+00
1.697475020458993e-02	3.010224e+00
1.700404707958993e-02	3.010224e+00
1.703334395458993e-02	3.010224e+00
1.706264082958993e-02	3.010224e+00
1.709193770458993e-02	3.010224e+00
1.712123457958993e-02	3.010224e+00
1.715053145458994e-02	3.010224e+00
1.720912520458994e-02	3.010224e+00
1.726771895458994e-02	3.010224e+00
1.732631270458994e-02	3.010224e+00
1.738490645458994e-02	3.010224e+00
1.747279707958995e-02	3.010224e+00
1.756068770458995e-02	3.010224e+00
1.762346672244710e-02	3.010224e+00
1.768624574030424e-02	3.010224e+00
1.774902475816139e-02	3.010224e+00
1.781180377601853e-02	3.010224e+00
1.787458279387568e-02	3.010224e+00
1.793736181173282e-02	3.010224e+00
1.800014082958997e-02	3.010224e+00
1.814243993673283e-02	3.010224e+00
1.828473904387569e-02	3.010224e+00
1.842703815101856e-02	3.010224e+00
1.856933725816142e-02	3.010224e+00
1.871163636530428e-02	3.010224e+00
1.885393547244714e-02	3.010224e+00
1.899623457959001e-02	3.010224e+00
2.999943750000000e-02	3.010224e+00
3.000000000000000e-02	3.010224e+00
