time	I(R4)
0.000000000000000e+00	3.233527e-08
9.999999960041972e-12	3.233579e-08
1.999999992008394e-11	3.233628e-08
7.999999968033578e-11	3.233804e-08
1.599999993606716e-10	3.233873e-08
3.199999987213431e-10	3.233851e-08
6.125714261237142e-09	3.233760e-08
1.193142852375294e-08	3.233689e-08
1.773714278626874e-08	3.233641e-08
2.354285704878454e-08	3.233613e-08
2.934857131130034e-08	3.233607e-08
3.515428557381613e-08	3.233623e-08
4.095999983633192e-08	3.233659e-08
1.000000000000000e-03	3.233611e-08
1.000003159324314e-03	3.226041e-08
1.000009477972942e-03	3.221182e-08
1.000022115270199e-03	3.220877e-08
1.000035731252814e-03	3.220892e-08
1.000048535960340e-03	3.220951e-08
1.000070353375865e-03	3.221196e-08
1.000106573448965e-03	3.221507e-08
1.000179013595167e-03	3.222150e-08
1.000323893887570e-03	3.223226e-08
1.000520880535930e-03	3.224416e-08
1.000741633006915e-03	3.225416e-08
1.001000196326671e-03	3.226227e-08
1.001346350330178e-03	3.226878e-08
1.001850101210693e-03	3.227325e-08
1.002349134443945e-03	3.227431e-08
1.002825262082142e-03	3.227446e-08
1.003306771734423e-03	3.227873e-08
1.003573114571316e-03	3.229203e-08
1.003817318838270e-03	3.233524e-08
1.004083623557782e-03	3.245311e-08
1.004278484858657e-03	3.263057e-08
1.004464890011262e-03	3.287580e-08
1.004646802725306e-03	3.293777e-08
1.004776021771069e-03	3.244071e-08
1.004887543569826e-03	3.116751e-08
1.004992012784925e-03	2.960615e-08
1.005104870992625e-03	2.868061e-08
1.005200674777058e-03	3.452783e-08
1.005310602761966e-03	6.821968e-08
1.005412864580928e-03	1.160023e-07
1.005531403334412e-03	1.519270e-07
1.005647455500988e-03	1.705854e-07
1.005779433569052e-03	1.923128e-07
1.006043389705179e-03	2.373235e-07
1.006441089421531e-03	3.075229e-07
1.006839545767171e-03	3.806352e-07
1.007431013252300e-03	4.935837e-07
1.008020907179712e-03	6.121470e-07
1.008884025092260e-03	8.008143e-07
1.009802219278018e-03	1.023783e-06
1.010000000000000e-03	1.078868e-06
1.010004745023438e-03	1.079105e-06
1.010014235070314e-03	1.079823e-06
1.010033215164066e-03	1.081480e-06
1.010071175351570e-03	1.085328e-06
1.010193747607094e-03	1.098996e-06
1.010323892648510e-03	1.115277e-06
1.010418172505614e-03	1.128340e-06
1.010490327490818e-03	1.139112e-06
1.010571535588293e-03	1.152288e-06
1.010669486108628e-03	1.169643e-06
1.010776607615190e-03	1.190783e-06
1.010919362693172e-03	1.222765e-06
1.011071059303793e-03	1.262222e-06
1.011245567725954e-03	1.316081e-06
1.011430827685706e-03	1.386688e-06
1.011699645067712e-03	1.526565e-06
1.012161870102121e-03	1.879704e-06
1.012594593497534e-03	2.408644e-06
1.013064502991258e-03	3.355285e-06
1.013507797225479e-03	4.891675e-06
1.014048541803827e-03	8.230246e-06
1.014610188462132e-03	1.497139e-05
1.015290130347319e-03	3.159316e-05
1.015923840754003e-03	6.290736e-05
1.016350804222147e-03	1.181629e-04
1.016687170117337e-03	2.900008e-04
1.016917560309042e-03	7.175833e-04
1.017096515947296e-03	1.530257e-03
1.017273465748430e-03	2.910853e-03
1.017461724947180e-03	4.948103e-03
1.017664396619340e-03	7.701233e-03
1.017912193789273e-03	1.169787e-02
1.018217578454194e-03	1.722835e-02
1.018609883709325e-03	2.448138e-02
1.019136782556640e-03	3.295589e-02
1.019716738572928e-03	3.939597e-02
1.020234075222944e-03	4.206175e-02
1.020823074455371e-03	4.217263e-02
1.021413617268291e-03	4.037378e-02
1.021805077586585e-03	3.846375e-02
1.022237872643096e-03	3.606429e-02
1.022701661880938e-03	3.355791e-02
1.023284234744660e-03	3.079674e-02
1.024033239924519e-03	2.804493e-02
1.024795843150377e-03	2.627552e-02
1.025530856574846e-03	2.565039e-02
1.026266157619026e-03	2.602062e-02
1.027078369489019e-03	2.726411e-02
1.028078369489019e-03	2.926241e-02
1.029066271699267e-03	3.103795e-02
1.030066271699267e-03	3.214380e-02
1.031066271699267e-03	3.243645e-02
1.032066271699267e-03	3.211996e-02
1.033066271699267e-03	3.154434e-02
1.034066271699267e-03	3.103551e-02
1.035066271699267e-03	3.079041e-02
1.036066271699267e-03	3.085084e-02
1.037066271699267e-03	3.113790e-02
1.038066271699267e-03	3.151741e-02
1.039066271699267e-03	3.186507e-02
1.041066271699266e-03	3.223347e-02
1.043066271699266e-03	3.228693e-02
1.046066271699266e-03	3.249559e-02
1.047351985984980e-03	3.268519e-02
1.048637700270694e-03	3.286309e-02
1.049923414556408e-03	3.302927e-02
1.051209128842123e-03	3.318374e-02
1.052494843127837e-03	3.332650e-02
1.053780557413551e-03	3.345756e-02
1.055066271699265e-03	3.357690e-02
1.058066271699265e-03	3.392638e-02
1.060209128842122e-03	3.416651e-02
1.062351985984979e-03	3.440634e-02
1.064494843127836e-03	3.464590e-02
1.066637700270693e-03	3.488517e-02
1.068780557413550e-03	3.512416e-02
1.070923414556407e-03	3.536287e-02
1.073066271699264e-03	3.560129e-02
1.075351985984978e-03	3.585566e-02
1.077637700270692e-03	3.610974e-02
1.079923414556406e-03	3.636351e-02
1.082209128842120e-03	3.661698e-02
1.084494843127834e-03	3.687015e-02
1.086780557413548e-03	3.712302e-02
1.089066271699262e-03	3.737558e-02
1.090066271699262e-03	3.748569e-02
1.090107287324262e-03	3.749033e-02
1.090148302949262e-03	3.749495e-02
1.090189318574262e-03	3.749954e-02
1.090230334199262e-03	3.750412e-02
1.090271349824262e-03	3.750867e-02
1.090312365449262e-03	3.751320e-02
1.090353381074262e-03	3.751771e-02
1.095192666788548e-03	3.805123e-02
1.100031952502833e-03	3.858346e-02
1.104871238217118e-03	3.911439e-02
1.109710523931404e-03	3.964402e-02
1.114549809645689e-03	4.017236e-02
1.119389095359974e-03	4.069940e-02
1.124228381074260e-03	4.122514e-02
1.127465825270688e-03	4.157615e-02
1.130703269467116e-03	4.192651e-02
1.133940713663544e-03	4.227622e-02
1.137178157859973e-03	4.262529e-02
1.140415602056401e-03	4.297371e-02
1.143653046252829e-03	4.332148e-02
1.146890490449258e-03	4.366860e-02
1.147961919020686e-03	4.378330e-02
1.149033347592115e-03	4.389783e-02
1.150104776163543e-03	4.401220e-02
1.151176204734972e-03	4.412641e-02
1.152247633306400e-03	4.424046e-02
1.153319061877829e-03	4.435434e-02
1.154390490449257e-03	4.446806e-02
1.155390490449257e-03	4.457384e-02
1.156390490449257e-03	4.467931e-02
1.157390490449257e-03	4.478437e-02
1.158390490449257e-03	4.488894e-02
1.159515490449257e-03	4.500604e-02
1.160265490449257e-03	4.508336e-02
1.160990611584489e-03	4.515754e-02
1.161990611584489e-03	4.525886e-02
1.162990611584489e-03	4.535879e-02
1.163990611584489e-03	4.545682e-02
1.164990611584489e-03	4.555244e-02
1.165990611584489e-03	4.564494e-02
1.166990611584489e-03	4.573346e-02
1.167990611584489e-03	4.581687e-02
1.168990611584489e-03	4.589374e-02
1.169990611584488e-03	4.596224e-02
1.170990611584488e-03	4.602007e-02
1.171990611584488e-03	4.606431e-02
1.172990611584488e-03	4.609131e-02
1.173990611584488e-03	4.609650e-02
1.174990611584488e-03	4.607427e-02
1.175990611584488e-03	4.601786e-02
1.176990611584488e-03	4.591925e-02
1.177990611584488e-03	4.576913e-02
1.178990611584488e-03	4.555712e-02
1.179990611584488e-03	4.527204e-02
1.180990611584488e-03	4.490266e-02
1.181990611584487e-03	4.443866e-02
1.182990611584487e-03	4.387189e-02
1.183990611584487e-03	4.319786e-02
1.184990611584487e-03	4.241707e-02
1.185990611584487e-03	4.153597e-02
1.186990611584487e-03	4.056712e-02
1.188990611584487e-03	3.844183e-02
1.191990611584487e-03	3.512094e-02
1.193990611584486e-03	3.304148e-02
1.194990611584486e-03	3.207703e-02
1.195990611584486e-03	3.116949e-02
1.196990611584486e-03	3.032066e-02
1.197990611584486e-03	2.953068e-02
1.198990611584486e-03	2.879861e-02
1.199990611584486e-03	2.812284e-02
1.200990611584486e-03	2.750120e-02
1.201990611584486e-03	2.693110e-02
1.202990611584486e-03	2.640961e-02
1.203990611584486e-03	2.593354e-02
1.204990611584485e-03	2.549958e-02
1.205990611584485e-03	2.510441e-02
1.206990611584485e-03	2.474486e-02
1.207990611584485e-03	2.441791e-02
1.208990611584485e-03	2.412082e-02
1.209990611584485e-03	2.385105e-02
1.210990611584485e-03	2.360628e-02
1.211990611584485e-03	2.338438e-02
1.212990611584485e-03	2.318334e-02
1.213990611584485e-03	2.300129e-02
1.214990611584485e-03	2.283650e-02
1.215990611584485e-03	2.268735e-02
1.216990611584484e-03	2.255235e-02
1.217990611584484e-03	2.243017e-02
1.218990611584484e-03	2.231959e-02
1.219990611584484e-03	2.221952e-02
1.220990611584484e-03	2.212900e-02
1.221990611584484e-03	2.204712e-02
1.222990611584484e-03	2.197310e-02
1.223990611584484e-03	2.190620e-02
1.224990611584484e-03	2.184573e-02
1.225990611584484e-03	2.179109e-02
1.226990611584484e-03	2.174171e-02
1.227990611584484e-03	2.169707e-02
1.228990611584483e-03	2.165672e-02
1.229990611584483e-03	2.162024e-02
1.230990611584483e-03	2.158727e-02
1.231990611584483e-03	2.155747e-02
1.232990611584483e-03	2.153054e-02
1.233990611584483e-03	2.150621e-02
1.234990611584483e-03	2.148423e-02
1.235990611584483e-03	2.146438e-02
1.236990611584483e-03	2.144644e-02
1.237990611584483e-03	2.143024e-02
1.238990611584483e-03	2.141560e-02
1.239990611584483e-03	2.140237e-02
1.240990611584482e-03	2.139042e-02
1.241990611584482e-03	2.137962e-02
1.242990611584482e-03	2.136986e-02
1.243990611584482e-03	2.136104e-02
1.244990611584482e-03	2.135307e-02
1.245990611584482e-03	2.134588e-02
1.246990611584482e-03	2.133938e-02
1.247990611584482e-03	2.133352e-02
1.248990611584482e-03	2.132822e-02
1.249990611584482e-03	2.132343e-02
1.250990611584482e-03	2.131910e-02
1.251990611584482e-03	2.131519e-02
1.252990611584481e-03	2.131166e-02
1.253990611584481e-03	2.130847e-02
1.254990611584481e-03	2.130558e-02
1.255990611584481e-03	2.130298e-02
1.256990611584481e-03	2.130063e-02
1.257990611584481e-03	2.129851e-02
1.258990611584481e-03	2.129659e-02
1.259990611584481e-03	2.129485e-02
1.260990611584481e-03	2.129329e-02
1.261990611584481e-03	2.129187e-02
1.262990611584481e-03	2.129060e-02
1.263990611584481e-03	2.128944e-02
1.264990611584480e-03	2.128840e-02
1.265990611584480e-03	2.128746e-02
1.266990611584480e-03	2.128661e-02
1.267990611584480e-03	2.128584e-02
1.268990611584480e-03	2.128514e-02
1.269990611584480e-03	2.128452e-02
1.270990611584480e-03	2.128395e-02
1.271990611584480e-03	2.128344e-02
1.272990611584480e-03	2.128298e-02
1.273990611584480e-03	2.128256e-02
1.274990611584480e-03	2.128218e-02
1.275990611584480e-03	2.128184e-02
1.276990611584479e-03	2.128153e-02
1.277990611584479e-03	2.128126e-02
1.278990611584479e-03	2.128101e-02
1.279990611584479e-03	2.128078e-02
1.280990611584479e-03	2.128058e-02
1.281990611584479e-03	2.128039e-02
1.282990611584479e-03	2.128022e-02
1.283990611584479e-03	2.128007e-02
1.284990611584479e-03	2.127993e-02
1.285990611584479e-03	2.127981e-02
1.286990611584479e-03	2.127970e-02
1.287990611584479e-03	2.127960e-02
1.288990611584478e-03	2.127951e-02
1.289990611584478e-03	2.127943e-02
1.290990611584478e-03	2.127935e-02
1.291990611584478e-03	2.127929e-02
1.292990611584478e-03	2.127923e-02
1.293990611584478e-03	2.127917e-02
1.294990611584478e-03	2.127912e-02
1.295990611584478e-03	2.127908e-02
1.296990611584478e-03	2.127904e-02
1.298990611584478e-03	2.127897e-02
1.300990611584477e-03	2.127891e-02
1.302990611584477e-03	2.127887e-02
1.304990611584477e-03	2.127883e-02
1.306990611584477e-03	2.127880e-02
1.309990611584477e-03	2.127876e-02
1.312990611584476e-03	2.127874e-02
1.315990611584476e-03	2.127872e-02
1.318276325870190e-03	2.127871e-02
1.320562040155904e-03	2.127870e-02
1.322847754441618e-03	2.127869e-02
1.325133468727333e-03	2.127868e-02
1.327419183013047e-03	2.127868e-02
1.329704897298761e-03	2.127868e-02
1.331990611584475e-03	2.127867e-02
1.337133468727332e-03	2.127867e-02
1.342276325870188e-03	2.127867e-02
1.347419183013045e-03	2.127867e-02
1.352562040155902e-03	2.127866e-02
1.357704897298758e-03	2.127866e-02
1.362847754441615e-03	2.127866e-02
1.367990611584472e-03	2.127866e-02
1.391562040155898e-03	2.127866e-02
1.415133468727325e-03	2.127866e-02
1.438704897298752e-03	2.127866e-02
1.462276325870178e-03	2.127866e-02
1.485847754441605e-03	2.127866e-02
1.509419183013031e-03	2.127866e-02
1.532990611584458e-03	2.127866e-02
1.556562040155885e-03	2.127866e-02
1.580133468727311e-03	2.127866e-02
1.603704897298738e-03	2.127866e-02
1.627276325870164e-03	2.127866e-02
1.650847754441591e-03	2.127866e-02
1.674419183013017e-03	2.127866e-02
1.697990611584444e-03	2.127866e-02
1.721562040155871e-03	2.127866e-02
1.745133468727297e-03	2.127866e-02
1.768704897298724e-03	2.127866e-02
1.792276325870151e-03	2.127866e-02
1.815847754441577e-03	2.127866e-02
1.839419183013004e-03	2.127866e-02
1.862990611584430e-03	2.127866e-02
1.874133468727286e-03	2.127866e-02
1.885276325870142e-03	2.127866e-02
1.896419183012999e-03	2.127866e-02
1.907562040155855e-03	2.127866e-02
1.918704897298711e-03	2.127866e-02
1.929847754441567e-03	2.127866e-02
1.940990611584424e-03	2.127866e-02
1.941990611584424e-03	2.127866e-02
1.965704897298712e-03	2.127866e-02
1.989419183013001e-03	2.127866e-02
2.013133468727289e-03	2.127866e-02
2.036847754441577e-03	2.127866e-02
2.060562040155866e-03	2.127866e-02
2.084276325870155e-03	2.127866e-02
2.107990611584443e-03	2.127866e-02
2.131847754441589e-03	2.127866e-02
2.155704897298735e-03	2.127866e-02
2.179562040155881e-03	2.127866e-02
2.203419183013027e-03	2.127866e-02
2.227276325870173e-03	2.127866e-02
2.251133468727319e-03	2.127866e-02
2.274990611584465e-03	2.127866e-02
2.299276325870183e-03	2.127866e-02
2.323562040155900e-03	2.127866e-02
2.347847754441618e-03	2.127866e-02
2.372133468727335e-03	2.127866e-02
2.396419183013053e-03	2.127866e-02
2.420704897298770e-03	2.127866e-02
2.444990611584488e-03	2.127866e-02
2.469847754441634e-03	2.127866e-02
2.494704897298780e-03	2.127866e-02
2.519562040155926e-03	2.127866e-02
2.544419183013072e-03	2.127866e-02
2.569276325870219e-03	2.127866e-02
2.594133468727365e-03	2.127866e-02
2.618990611584511e-03	2.127866e-02
2.645133468727371e-03	2.127866e-02
2.671276325870232e-03	2.127866e-02
2.697419183013092e-03	2.127866e-02
2.723562040155953e-03	2.127866e-02
2.749704897298814e-03	2.127866e-02
2.775847754441675e-03	2.127866e-02
2.801990611584535e-03	2.127866e-02
2.825276325870252e-03	2.127866e-02
2.848562040155970e-03	2.127866e-02
2.871847754441687e-03	2.127866e-02
2.895133468727404e-03	2.127866e-02
2.918419183013122e-03	2.127866e-02
2.941704897298839e-03	2.127866e-02
2.964990611584557e-03	2.127866e-02
2.965990611584557e-03	2.127866e-02
2.999990611584561e-03	2.127866e-02
3.000000000000000e-03	2.127866e-02
3.000018776830878e-03	2.127866e-02
3.000056330492632e-03	2.127869e-02
3.000131437816142e-03	2.127885e-02
3.000281652463162e-03	2.128008e-02
3.000582081757202e-03	2.128888e-02
3.001152419922438e-03	2.133268e-02
3.001828853265369e-03	2.144761e-02
3.002828853265369e-03	2.174506e-02
3.003828853265369e-03	2.216603e-02
3.004828853265369e-03	2.266194e-02
3.005828853265369e-03	2.314762e-02
3.006828853265369e-03	2.354740e-02
3.007828853265370e-03	2.382119e-02
3.008828853265370e-03	2.397305e-02
3.009828853265370e-03	2.404205e-02
3.010828853265370e-03	2.408246e-02
3.011828853265370e-03	2.414251e-02
3.012828853265370e-03	2.424942e-02
3.013828853265370e-03	2.440432e-02
3.014828853265370e-03	2.458715e-02
3.015828853265371e-03	2.476805e-02
3.016828853265371e-03	2.492037e-02
3.017828853265371e-03	2.502994e-02
3.018828853265371e-03	2.509814e-02
3.019828853265371e-03	2.513853e-02
3.021828853265371e-03	2.520821e-02
3.023828853265372e-03	2.533165e-02
3.026828853265372e-03	2.554686e-02
3.028828853265372e-03	2.563058e-02
3.030114567551087e-03	2.566643e-02
3.031400281836801e-03	2.570392e-02
3.032685996122516e-03	2.574306e-02
3.033971710408230e-03	2.578384e-02
3.035257424693944e-03	2.582627e-02
3.036543138979659e-03	2.587034e-02
3.037828853265374e-03	2.591605e-02
3.042685996122517e-03	2.602666e-02
3.047543138979660e-03	2.613292e-02
3.052400281836804e-03	2.623482e-02
3.057257424693947e-03	2.633238e-02
3.062114567551091e-03	2.642558e-02
3.066971710408234e-03	2.651443e-02
3.071828853265378e-03	2.659893e-02
3.075543138979664e-03	2.666577e-02
3.079257424693950e-03	2.673232e-02
3.082971710408236e-03	2.679856e-02
3.086685996122523e-03	2.686450e-02
3.090400281836809e-03	2.693013e-02
3.094114567551095e-03	2.699547e-02
3.097828853265381e-03	2.706050e-02
3.100000000000000e-03	2.709809e-02
3.100100000000000e-03	2.709943e-02
3.100300000000000e-03	2.709994e-02
3.100700000000000e-03	2.708592e-02
3.101346404391061e-03	2.700476e-02
3.102306233685779e-03	2.674997e-02
3.103306233685779e-03	2.633648e-02
3.104306233685779e-03	2.582824e-02
3.105306233685779e-03	2.532258e-02
3.106306233685779e-03	2.490694e-02
3.107306233685779e-03	2.462795e-02
3.108306233685779e-03	2.448272e-02
3.109306233685780e-03	2.442895e-02
3.110306233685780e-03	2.440702e-02
3.111306233685780e-03	2.436409e-02
3.112306233685780e-03	2.427117e-02
3.113306233685780e-03	2.412798e-02
3.114306233685780e-03	2.395652e-02
3.115306233685780e-03	2.378819e-02
3.116306233685780e-03	2.365055e-02
3.117306233685781e-03	2.355829e-02
3.118306233685781e-03	2.351035e-02
3.119306233685781e-03	2.349314e-02
3.120306233685781e-03	2.348737e-02
3.121306233685781e-03	2.347556e-02
3.122306233685781e-03	2.344757e-02
3.123306233685781e-03	2.340244e-02
3.124306233685782e-03	2.334676e-02
3.125306233685782e-03	2.329074e-02
3.126306233685782e-03	2.324388e-02
3.127306233685782e-03	2.321172e-02
3.128306233685782e-03	2.319465e-02
3.129306233685782e-03	2.318865e-02
3.130306233685782e-03	2.318742e-02
3.131306233685782e-03	2.318493e-02
3.132306233685783e-03	2.317729e-02
3.133306233685783e-03	2.316370e-02
3.134306233685783e-03	2.314597e-02
3.135306233685783e-03	2.312741e-02
3.136306233685783e-03	2.311136e-02
3.137306233685783e-03	2.309998e-02
3.138306233685783e-03	2.309372e-02
3.139306233685784e-03	2.309150e-02
3.140306233685784e-03	2.309127e-02
3.141306233685784e-03	2.309094e-02
3.142306233685784e-03	2.308904e-02
3.143306233685784e-03	2.308508e-02
3.144306233685784e-03	2.307953e-02
3.145306233685784e-03	2.307343e-02
3.146306233685784e-03	2.306795e-02
3.147306233685785e-03	2.306391e-02
3.148306233685785e-03	2.306160e-02
3.149306233685785e-03	2.306074e-02
3.150306233685785e-03	2.306070e-02
3.151306233685785e-03	2.306074e-02
3.152306233685785e-03	2.306033e-02
3.153306233685785e-03	2.305922e-02
3.154306233685786e-03	2.305751e-02
3.155306233685786e-03	2.305552e-02
3.156306233685786e-03	2.305366e-02
3.157306233685786e-03	2.305223e-02
3.158306233685786e-03	2.305138e-02
3.159306233685786e-03	2.305104e-02
3.160306233685786e-03	2.305103e-02
3.161306233685786e-03	2.305109e-02
3.162306233685787e-03	2.305102e-02
3.163306233685787e-03	2.305072e-02
3.164306233685787e-03	2.305020e-02
3.165306233685787e-03	2.304957e-02
3.166306233685787e-03	2.304894e-02
3.167306233685787e-03	2.304844e-02
3.168306233685787e-03	2.304812e-02
3.169306233685788e-03	2.304799e-02
3.170306233685788e-03	2.304798e-02
3.171306233685788e-03	2.304801e-02
3.172306233685788e-03	2.304801e-02
3.173306233685788e-03	2.304794e-02
3.174306233685788e-03	2.304779e-02
3.176306233685788e-03	2.304737e-02
3.177306233685789e-03	2.304720e-02
3.178306233685789e-03	2.304708e-02
3.179306233685789e-03	2.304703e-02
3.180306233685789e-03	2.304702e-02
3.181306233685789e-03	2.304704e-02
3.182306233685789e-03	2.304704e-02
3.183306233685789e-03	2.304703e-02
3.184306233685789e-03	2.304698e-02
3.185306233685790e-03	2.304692e-02
3.186306233685790e-03	2.304685e-02
3.187306233685790e-03	2.304679e-02
3.188306233685790e-03	2.304675e-02
3.189306233685790e-03	2.304673e-02
3.190306233685790e-03	2.304672e-02
3.192306233685791e-03	2.304673e-02
3.193306233685791e-03	2.304673e-02
3.194306233685791e-03	2.304672e-02
3.195306233685791e-03	2.304670e-02
3.197306233685791e-03	2.304666e-02
3.198306233685791e-03	2.304664e-02
3.199306233685791e-03	2.304663e-02
3.200306233685792e-03	2.304663e-02
3.202306233685792e-03	2.304664e-02
3.203306233685792e-03	2.304664e-02
3.204306233685792e-03	2.304663e-02
3.207306233685793e-03	2.304661e-02
3.208306233685793e-03	2.304661e-02
3.209306233685793e-03	2.304660e-02
3.212306233685793e-03	2.304660e-02
3.215306233685794e-03	2.304660e-02
3.216591947971508e-03	2.304660e-02
3.217877662257223e-03	2.304660e-02
3.219163376542937e-03	2.304659e-02
3.220449090828651e-03	2.304659e-02
3.221734805114366e-03	2.304659e-02
3.223020519400080e-03	2.304659e-02
3.224306233685795e-03	2.304659e-02
3.227306233685795e-03	2.304659e-02
3.230306233685796e-03	2.304659e-02
3.233306233685796e-03	2.304659e-02
3.236306233685796e-03	2.304659e-02
3.239306233685797e-03	2.304659e-02
3.242306233685797e-03	2.304659e-02
3.245306233685798e-03	2.304659e-02
3.269020519400086e-03	2.304659e-02
3.292734805114375e-03	2.304659e-02
3.316449090828664e-03	2.304659e-02
3.340163376542953e-03	2.304659e-02
3.363877662257242e-03	2.304659e-02
3.387591947971531e-03	2.304659e-02
3.411306233685820e-03	2.304659e-02
3.435163376542966e-03	2.304659e-02
3.459020519400112e-03	2.304659e-02
3.482877662257258e-03	2.304659e-02
3.506734805114404e-03	2.304659e-02
3.530591947971550e-03	2.304659e-02
3.554449090828696e-03	2.304659e-02
3.578306233685842e-03	2.304659e-02
3.602449090828702e-03	2.304659e-02
3.626591947971563e-03	2.304659e-02
3.650734805114423e-03	2.304659e-02
3.674877662257283e-03	2.304659e-02
3.699020519400143e-03	2.304659e-02
3.723163376543004e-03	2.304659e-02
3.747306233685864e-03	2.304659e-02
3.772020519400153e-03	2.304659e-02
3.796734805114442e-03	2.304659e-02
3.821449090828731e-03	2.304659e-02
3.846163376543020e-03	2.304659e-02
3.870877662257309e-03	2.304659e-02
3.895591947971598e-03	2.304659e-02
3.920306233685887e-03	2.304659e-02
3.928734805114459e-03	2.304659e-02
3.937163376543032e-03	2.304659e-02
3.945591947971604e-03	2.304659e-02
3.954020519400177e-03	2.304659e-02
3.962449090828750e-03	2.304659e-02
3.970877662257322e-03	2.304659e-02
3.979306233685895e-03	2.304659e-02
3.980306233685895e-03	2.304659e-02
4.006734805114470e-03	2.304659e-02
4.033163376543044e-03	2.304659e-02
4.059591947971619e-03	2.304659e-02
4.086020519400195e-03	2.304659e-02
4.112449090828770e-03	2.304659e-02
4.138877662257344e-03	2.304659e-02
4.165306233685919e-03	2.304659e-02
4.194449090828781e-03	2.304659e-02
4.223591947971641e-03	2.304659e-02
4.252734805114502e-03	2.304659e-02
4.281877662257363e-03	2.304659e-02
4.311020519400225e-03	2.304659e-02
4.340163376543085e-03	2.304659e-02
4.369306233685946e-03	2.304659e-02
4.403877662257380e-03	2.304659e-02
4.438449090828813e-03	2.304659e-02
4.473020519400246e-03	2.304659e-02
4.507591947971679e-03	2.304659e-02
4.542163376543112e-03	2.304659e-02
4.576734805114545e-03	2.304659e-02
4.611306233685978e-03	2.304659e-02
4.657591947971699e-03	2.304659e-02
4.703877662257419e-03	2.304659e-02
4.750163376543140e-03	2.304659e-02
4.796449090828860e-03	2.304659e-02
4.842734805114580e-03	2.304659e-02
4.889020519400301e-03	2.304659e-02
4.935306233686021e-03	2.304659e-02
5.004306233686031e-03	2.304659e-02
5.087449090828899e-03	2.304659e-02
5.170591947971767e-03	2.304659e-02
5.253734805114635e-03	2.304659e-02
5.336877662257503e-03	2.304659e-02
5.420020519400372e-03	2.304659e-02
5.503163376543239e-03	2.304659e-02
5.586306233686108e-03	2.304659e-02
6.028306233686167e-03	2.304659e-02
7.052306233686302e-03	2.304659e-02
8.076306233686209e-03	2.304659e-02
9.100306233685457e-03	2.304659e-02
1.000000000000000e-02	2.304659e-02
1.000060625000000e-02	2.304659e-02
1.000064375000000e-02	2.304659e-02
1.000069450019679e-02	2.304659e-02
1.000071291252045e-02	2.304659e-02
1.000071972929617e-02	3.747839e-02
1.000072220461265e-02	5.970612e-02
1.000072455210962e-02	9.571590e-02
1.000072680402671e-02	1.500066e-01
1.000072903447860e-02	2.323928e-01
1.000073244384581e-02	3.850071e-01
1.000073589461041e-02	5.565753e-01
1.000074231464189e-02	9.162789e-01
1.000074871912688e-02	1.322899e+00
1.000075234944852e-02	1.579801e+00
1.000075433361816e-02	1.731030e+00
1.000075619606484e-02	1.879229e+00
1.000075795699305e-02	2.023334e+00
1.000075836220202e-02	2.057037e+00
1.000075917261998e-02	2.125014e+00
1.000075937522447e-02	2.142192e+00
1.000075978043344e-02	2.176765e+00
1.000075988173569e-02	2.185425e+00
1.000076008434018e-02	2.202802e+00
1.000076020107519e-02	2.212815e+00
1.000076031781020e-02	2.222847e+00
1.000076043454520e-02	2.232898e+00
1.000076055128021e-02	2.242967e+00
1.000076066801522e-02	2.253056e+00
1.000076078475023e-02	2.263163e+00
1.000076090148524e-02	2.273288e+00
1.000076130669422e-02	2.308574e+00
1.000076211711217e-02	2.379765e+00
1.000076373794808e-02	2.523953e+00
1.000076565985440e-02	2.697456e+00
1.000076752517805e-02	2.868368e+00
1.000076951627906e-02	3.053131e+00
1.000077186941521e-02	3.273531e+00
1.000077468994085e-02	3.538892e+00
1.000077813120784e-02	3.861359e+00
1.000078242687244e-02	4.256136e+00
1.000078809423644e-02	4.752980e+00
1.000079607685513e-02	5.396153e+00
1.000080540305899e-02	6.061606e+00
1.000081512722969e-02	6.661362e+00
1.000082447427248e-02	7.156377e+00
1.000083430419119e-02	7.615379e+00
1.000083748162170e-02	7.750387e+00
1.000084059450514e-02	7.873851e+00
1.000084373034461e-02	7.992537e+00
1.000084836265425e-02	8.158346e+00
1.000085484059776e-02	8.372695e+00
1.000086645063351e-02	8.713102e+00
1.000088652816178e-02	9.214511e+00
1.000090876585641e-02	9.664965e+00
1.000094088494803e-02	1.020357e+01
1.000094167424917e-02	1.021513e+01
1.000094325285146e-02	1.023624e+01
1.000094641005602e-02	1.027739e+01
1.000095272446516e-02	1.035565e+01
1.000096535328343e-02	1.050195e+01
1.000097474236346e-02	1.060289e+01
1.000098122183993e-02	1.066756e+01
1.000098704104706e-02	1.072281e+01
1.000098836158574e-02	1.073492e+01
1.000099100266310e-02	1.075846e+01
1.000099471784529e-02	1.079067e+01
1.000100000000000e-02	1.083534e+01
1.000100052821547e-02	1.083965e+01
1.000100158464641e-02	1.084821e+01
1.000100369750830e-02	1.086504e+01
1.000100792323207e-02	1.089761e+01
1.000101637467961e-02	1.095860e+01
1.000103327757470e-02	1.106578e+01
1.000106708336486e-02	1.123200e+01
1.000113469494520e-02	1.143887e+01
1.000124063545573e-02	1.158176e+01
1.000131773719179e-02	1.159635e+01
1.000132848695775e-02	1.159114e+01
1.000134998648967e-02	1.157508e+01
1.000135536137265e-02	1.157062e+01
1.000136611113862e-02	1.156068e+01
1.000138761067054e-02	1.153943e+01
1.000139298555352e-02	1.153374e+01
1.000140373531948e-02	1.152153e+01
1.000142523485140e-02	1.149537e+01
1.000146080118083e-02	1.144915e+01
1.000146934409164e-02	1.143736e+01
1.000149070136867e-02	1.140655e+01
1.000149512537605e-02	1.139999e+01
1.000149954938344e-02	1.139338e+01
1.000150397339082e-02	1.138671e+01
1.000150839739821e-02	1.137997e+01
1.000151282140559e-02	1.137318e+01
1.000151724541297e-02	1.136633e+01
1.000152166942036e-02	1.135942e+01
1.000153875524198e-02	1.133225e+01
1.000157292688522e-02	1.127597e+01
1.000164127017170e-02	1.115911e+01
1.000170164079158e-02	1.105263e+01
1.000175876522360e-02	1.094977e+01
1.000182068483732e-02	1.083742e+01
1.000188381543051e-02	1.072305e+01
1.000195770594475e-02	1.059042e+01
1.000204304442580e-02	1.043942e+01
1.000209801335820e-02	1.034382e+01
1.000214773556942e-02	1.025871e+01
1.000217118714645e-02	1.021907e+01
1.000219456893483e-02	1.017998e+01
1.000223118060441e-02	1.011953e+01
1.000228656599585e-02	1.002951e+01
1.000234402395110e-02	9.938053e+00
1.000241997783156e-02	9.820282e+00
1.000250707084282e-02	9.689657e+00
1.000263242077992e-02	9.509666e+00
1.000279463036773e-02	9.290563e+00
1.000306302505745e-02	8.954308e+00
1.000330471745886e-02	8.675455e+00
1.000352052645447e-02	8.446462e+00
1.000371388846431e-02	8.255054e+00
1.000385217900540e-02	8.126110e+00
1.000401060105827e-02	7.985915e+00
1.000415636542138e-02	7.863157e+00
1.000434048887709e-02	7.714302e+00
1.000436731699501e-02	7.693307e+00
1.000442097323084e-02	7.652474e+00
1.000452828570252e-02	7.572277e+00
1.000460424127662e-02	7.516676e+00
1.000466659898832e-02	7.471871e+00
1.000472811662311e-02	7.428102e+00
1.000480385812968e-02	7.373829e+00
1.000495534114284e-02	7.261617e+00
1.000511330204199e-02	7.136411e+00
1.000528506463123e-02	6.986151e+00
1.000547276377309e-02	6.799268e+00
1.000575869157265e-02	6.467548e+00
1.000608086346537e-02	6.032509e+00
1.000630274518229e-02	5.682693e+00
1.000657427225586e-02	5.189753e+00
1.000683026404050e-02	4.665223e+00
1.000706161998973e-02	4.139923e+00
1.000723859025605e-02	3.708770e+00
1.000739810580108e-02	3.306768e+00
1.000747656838767e-02	3.108679e+00
1.000752350473260e-02	2.992210e+00
1.000757176311409e-02	2.875474e+00
1.000761533343919e-02	2.774097e+00
1.000770247408941e-02	2.585735e+00
1.000787209165850e-02	2.258380e+00
1.000803627223957e-02	1.993313e+00
1.000827237828595e-02	1.677342e+00
1.000830496945227e-02	1.640715e+00
1.000837015178491e-02	1.579816e+00
1.000850051645020e-02	1.483498e+00
1.000872458560910e-02	1.374295e+00
1.000883365751386e-02	1.350415e+00
1.000889912913481e-02	1.351419e+00
1.000896748500158e-02	1.360652e+00
1.000899931764795e-02	1.366823e+00
1.000902870368415e-02	1.373309e+00
1.000908099798855e-02	1.384721e+00
1.000913308717909e-02	1.394538e+00
1.000920889958744e-02	1.404376e+00
1.000928832356124e-02	1.407226e+00
1.000940827281866e-02	1.396865e+00
1.000955181933334e-02	1.365927e+00
1.000970627026822e-02	1.314050e+00
1.000987031349028e-02	1.243327e+00
1.001010499817301e-02	1.128710e+00
1.001029178048563e-02	1.034341e+00
1.001048712647683e-02	9.378260e-01
1.001061551353199e-02	8.782863e-01
1.001077076587873e-02	8.118764e-01
1.001091978243687e-02	7.538469e-01
1.001112437725069e-02	6.818240e-01
1.001126605127039e-02	6.366323e-01
1.001140192321123e-02	5.973212e-01
1.001155022434123e-02	5.577107e-01
1.001165711638260e-02	5.311432e-01
1.001175817683100e-02	5.076150e-01
1.001185880539648e-02	4.854733e-01
1.001195647934575e-02	4.651327e-01
1.001206183094813e-02	4.444055e-01
1.001218551943522e-02	4.213529e-01
1.001227088074988e-02	4.061786e-01
1.001231970205065e-02	3.978390e-01
1.001237124737343e-02	3.892604e-01
1.001239043762178e-02	3.861252e-01
1.001241900810938e-02	3.815357e-01
1.001245499334477e-02	3.758592e-01
1.001251934871159e-02	3.659398e-01
1.001257989697795e-02	3.568992e-01
1.001268246609448e-02	3.421847e-01
1.001278836482710e-02	3.277855e-01
1.001297830433221e-02	3.038603e-01
1.001324852931790e-02	2.728305e-01
1.001350583049498e-02	2.464350e-01
1.001380938033808e-02	2.189640e-01
1.001413303341329e-02	1.928519e-01
1.001431802416928e-02	1.794163e-01
1.001449810577671e-02	1.674531e-01
1.001466075644220e-02	1.573709e-01
1.001481452593240e-02	1.485187e-01
1.001506192352122e-02	1.353848e-01
1.001532356644632e-02	1.224509e-01
1.001537364658719e-02	1.201353e-01
1.001547380686891e-02	1.157702e-01
1.001567412743237e-02	1.076013e-01
1.001605700449480e-02	9.374568e-02
1.001669099898445e-02	7.433271e-02
1.001730228000149e-02	5.929897e-02
1.001806296503170e-02	4.511898e-02
1.001896850775269e-02	3.329238e-02
1.001996850775269e-02	2.695867e-02
1.002096850775269e-02	3.091957e-02
1.002175476851658e-02	4.947733e-02
1.002261529113769e-02	9.412865e-02
1.002328126006765e-02	1.458209e-01
1.002335823986446e-02	1.532889e-01
1.002351219945809e-02	1.696863e-01
1.002355068935649e-02	1.738844e-01
1.002362766915331e-02	1.825071e-01
1.002378162874694e-02	2.000486e-01
1.002379004841221e-02	2.010185e-01
1.002379846807749e-02	2.019913e-01
1.002380688774276e-02	2.029671e-01
1.002381530740804e-02	2.039459e-01
1.002382372707332e-02	2.049275e-01
1.002383214673860e-02	2.059122e-01
1.002384056640387e-02	2.068998e-01
1.002385500011577e-02	2.085958e-01
1.002387424506498e-02	2.108654e-01
1.002391273496338e-02	2.154315e-01
1.002398971476020e-02	2.246526e-01
1.002411202717368e-02	2.395294e-01
1.002434657696504e-02	2.686056e-01
1.002463865417796e-02	3.055056e-01
1.002494670539265e-02	3.450733e-01
1.002535034843026e-02	3.975196e-01
1.002580865267758e-02	4.574957e-01
1.002670800170449e-02	5.756360e-01
1.002757982711225e-02	6.900879e-01
1.002857982711225e-02	8.206725e-01
1.002957982711225e-02	9.500976e-01
1.003057982711225e-02	1.077974e+00
1.003157982711225e-02	1.203914e+00
1.003257982711225e-02	1.327571e+00
1.003357982711225e-02	1.449003e+00
1.003406011408605e-02	1.506318e+00
1.003457869547101e-02	1.567351e+00
1.003482765673136e-02	1.596358e+00
1.003511724127321e-02	1.629759e+00
1.003552686851670e-02	1.676587e+00
1.003584443946354e-02	1.712569e+00
1.003609452136149e-02	1.740675e+00
1.003630935238520e-02	1.764662e+00
1.003649820433433e-02	1.785629e+00
1.003658196731450e-02	1.794877e+00
1.003670369125439e-02	1.808252e+00
1.003680161744621e-02	1.818972e+00
1.003701076044041e-02	1.841737e+00
1.003715971974255e-02	1.857839e+00
1.003740852853659e-02	1.884544e+00
1.003773299195482e-02	1.919059e+00
1.003803245597368e-02	1.950483e+00
1.003863138401142e-02	2.011839e+00
1.003935269369040e-02	2.080421e+00
1.004003871722897e-02	2.130898e+00
1.004065648174601e-02	2.151144e+00
1.004132283033076e-02	2.145658e+00
1.004164426667834e-02	2.135591e+00
1.004187335815216e-02	2.127341e+00
1.004212662094799e-02	2.119904e+00
1.004238101931231e-02	2.114686e+00
1.004263062130263e-02	2.111774e+00
1.004287718451119e-02	2.110637e+00
1.004310079158558e-02	2.110657e+00
1.004335510597897e-02	2.111270e+00
1.004363939670178e-02	2.111929e+00
1.004402988817001e-02	2.112128e+00
1.004431760130160e-02	2.111457e+00
1.004460547414363e-02	2.109920e+00
1.004495580091272e-02	2.107284e+00
1.004534081250255e-02	2.103960e+00
1.004577050103521e-02	2.100313e+00
1.004636344894663e-02	2.095869e+00
1.004682533612490e-02	2.092939e+00
1.004736623010066e-02	2.089877e+00
1.004797018252351e-02	2.086409e+00
1.004887768177850e-02	2.080835e+00
1.004987768177850e-02	2.074455e+00
1.005080983243205e-02	2.068576e+00
1.005180983243205e-02	2.062424e+00
1.005280983243205e-02	2.056297e+00
1.005380983243205e-02	2.050133e+00
1.005580983243205e-02	2.037877e+00
1.005809554671776e-02	2.024007e+00
1.006038126100347e-02	2.010249e+00
1.006266697528918e-02	1.996602e+00
1.006495268957490e-02	1.983068e+00
1.006723840386061e-02	1.969646e+00
1.006952411814632e-02	1.956336e+00
1.007180983243203e-02	1.943138e+00
1.008595268957488e-02	1.864325e+00
1.010009554671773e-02	1.789068e+00
1.011423840386057e-02	1.717368e+00
1.012838126100342e-02	1.649224e+00
1.014252411814627e-02	1.584638e+00
1.015666697528912e-02	1.523608e+00
1.017080983243196e-02	1.466134e+00
1.018723840386052e-02	1.403104e+00
1.020366697528908e-02	1.343347e+00
1.022009554671764e-02	1.286863e+00
1.023652411814620e-02	1.233652e+00
1.025295268957476e-02	1.183714e+00
1.026938126100332e-02	1.137050e+00
1.028580983243188e-02	1.093658e+00
1.029823840386044e-02	1.062383e+00
1.031066697528900e-02	1.032394e+00
1.032309554671756e-02	1.003693e+00
1.033552411814613e-02	9.762784e-01
1.034795268957469e-02	9.501511e-01
1.036038126100325e-02	9.253109e-01
1.037280983243181e-02	9.017577e-01
1.037666697528895e-02	8.946307e-01
1.038052411814609e-02	8.876035e-01
1.038438126100323e-02	8.806763e-01
1.038823840386037e-02	8.738490e-01
1.039209554671751e-02	8.671216e-01
1.039595268957465e-02	8.604941e-01
1.039980983243179e-02	8.539665e-01
1.041123840386036e-02	8.352461e-01
1.042266697528892e-02	8.172441e-01
1.043409554671748e-02	7.999607e-01
1.044552411814604e-02	7.833959e-01
1.045695268957461e-02	7.675496e-01
1.046838126100317e-02	7.524218e-01
1.047980983243173e-02	7.380126e-01
1.049223840386030e-02	7.230334e-01
1.050466697528886e-02	7.086743e-01
1.051709554671742e-02	6.949351e-01
1.052952411814598e-02	6.818159e-01
1.054195268957455e-02	6.693167e-01
1.055438126100311e-02	6.574375e-01
1.056680983243167e-02	6.461782e-01
1.058938126100308e-02	6.272124e-01
1.061195268957449e-02	6.095383e-01
1.063452411814591e-02	5.931560e-01
1.065709554671732e-02	5.780655e-01
1.067966697528873e-02	5.642668e-01
1.070223840386014e-02	5.517600e-01
1.072480983243155e-02	5.405449e-01
1.074795268957439e-02	5.299264e-01
1.077109554671724e-02	5.200463e-01
1.079423840386007e-02	5.109046e-01
1.081738126100291e-02	5.025013e-01
1.084052411814575e-02	4.948364e-01
1.086366697528860e-02	4.879099e-01
1.088680983243144e-02	4.817219e-01
1.088780983243143e-02	4.814602e-01
1.091180983243142e-02	4.755713e-01
1.093580983243140e-02	4.701040e-01
1.095980983243138e-02	4.650582e-01
1.098380983243136e-02	4.604340e-01
1.100780983243135e-02	4.562312e-01
1.103180983243133e-02	4.524500e-01
1.105580983243131e-02	4.490904e-01
1.107995268957415e-02	4.459770e-01
1.110409554671699e-02	4.430876e-01
1.112823840385983e-02	4.404221e-01
1.115238126100267e-02	4.379807e-01
1.117652411814551e-02	4.357632e-01
1.120066697528835e-02	4.337696e-01
1.122480983243119e-02	4.320000e-01
1.124923840385974e-02	4.303519e-01
1.127366697528829e-02	4.288235e-01
1.129809554671685e-02	4.274147e-01
1.132252411814540e-02	4.261256e-01
1.134695268957395e-02	4.249562e-01
1.137138126100251e-02	4.239064e-01
1.139580983243106e-02	4.229763e-01
1.142080983243104e-02	4.221015e-01
1.144580983243102e-02	4.212914e-01
1.147080983243101e-02	4.205460e-01
1.149580983243099e-02	4.198652e-01
1.152080983243097e-02	4.192491e-01
1.154580983243095e-02	4.186977e-01
1.157080983243093e-02	4.182109e-01
1.159680983243091e-02	4.177469e-01
1.162280983243089e-02	4.173183e-01
1.164880983243088e-02	4.169250e-01
1.167480983243086e-02	4.165671e-01
1.170080983243084e-02	4.162444e-01
1.172680983243082e-02	4.159572e-01
1.175280983243080e-02	4.157052e-01
1.177538126100221e-02	4.155024e-01
1.179795268957362e-02	4.153135e-01
1.182052411814503e-02	4.151384e-01
1.184309554671645e-02	4.149771e-01
1.186566697528786e-02	4.148297e-01
1.188823840385927e-02	4.146962e-01
1.191080983243068e-02	4.145764e-01
1.191180983243068e-02	4.145713e-01
1.194266697528780e-02	4.144245e-01
1.197352411814492e-02	4.142903e-01
1.200438126100204e-02	4.141689e-01
1.203523840385916e-02	4.140602e-01
1.206609554671628e-02	4.139642e-01
1.209695268957340e-02	4.138808e-01
1.212780983243052e-02	4.138102e-01
1.216552411814478e-02	4.137336e-01
1.220323840385904e-02	4.136646e-01
1.224095268957330e-02	4.136032e-01
1.227866697528756e-02	4.135495e-01
1.231638126100181e-02	4.135034e-01
1.235409554671607e-02	4.134649e-01
1.239180983243033e-02	4.134340e-01
1.244438126100172e-02	4.133973e-01
1.249695268957311e-02	4.133650e-01
1.254952411814450e-02	4.133372e-01
1.260209554671589e-02	4.133140e-01
1.265466697528728e-02	4.132953e-01
1.270723840385867e-02	4.132811e-01
1.275980983243006e-02	4.132715e-01
1.293580983242993e-02	4.132457e-01
1.306580983242983e-02	4.132374e-01
1.319580983242974e-02	4.132306e-01
1.332580983242964e-02	4.132253e-01
1.345580983242955e-02	4.132216e-01
1.358580983242945e-02	4.132195e-01
1.371580983242936e-02	4.132188e-01
1.384580983242926e-02	4.132197e-01
1.395980983242918e-02	4.132194e-01
1.498380983242843e-02	4.132189e-01
1.500038033514318e-02	4.132189e-01
1.500100000000000e-02	4.132189e-01
1.500106196648568e-02	4.132189e-01
1.500118589945705e-02	4.132189e-01
1.500143376539978e-02	4.115618e-01
1.500150426811454e-02	4.078112e-01
1.500157387670356e-02	3.997666e-01
1.500163141982971e-02	3.913272e-01
1.500168148433316e-02	3.834754e-01
1.500173295275044e-02	3.753669e-01
1.500182273265325e-02	3.614627e-01
1.500190072192535e-02	3.497583e-01
1.500200000000000e-02	3.352937e-01
1.500200992780746e-02	3.339000e-01
1.500202978342239e-02	3.311352e-01
1.500206949465225e-02	3.257016e-01
1.500214891711198e-02	3.152034e-01
1.500230776203142e-02	2.949483e-01
1.500233261165358e-02	2.918968e-01
1.500238231089789e-02	2.859692e-01
1.500240405431728e-02	2.834143e-01
1.500244132875051e-02	2.791165e-01
1.500249102799482e-02	2.735254e-01
1.500259042648344e-02	2.626933e-01
1.500269909924126e-02	2.513259e-01
1.500280681825007e-02	2.405439e-01
1.500288323015431e-02	2.332174e-01
1.500297695577311e-02	2.245925e-01
1.500307143295177e-02	2.161948e-01
1.500312312765672e-02	2.117434e-01
1.500317367081394e-02	2.075117e-01
1.500323550856436e-02	2.024601e-01
1.500330039116780e-02	1.973039e-01
1.500338132570693e-02	1.910769e-01
1.500347863844612e-02	1.839057e-01
1.500364769968145e-02	1.720833e-01
1.500380286452636e-02	1.618477e-01
1.500394279619388e-02	1.531823e-01
1.500408711749599e-02	1.447979e-01
1.500427162237650e-02	1.348204e-01
1.500451469462619e-02	1.227471e-01
1.500479723710612e-02	1.100553e-01
1.500510421931030e-02	9.778973e-02
1.500546704708903e-02	8.512807e-02
1.500591495926319e-02	7.176445e-02
1.500643984066666e-02	5.871418e-02
1.500702919654894e-02	4.676166e-02
1.500760985632239e-02	3.735932e-02
1.500829363253224e-02	2.867663e-02
1.500899597084614e-02	2.179728e-02
1.500976972461772e-02	1.617159e-02
1.501075868854293e-02	1.101224e-02
1.501175868854293e-02	7.402771e-03
1.501275868854293e-02	4.998452e-03
1.501375868854293e-02	3.410127e-03
1.501475868854293e-02	2.365223e-03
1.501575868854293e-02	1.677316e-03
1.501675868854293e-02	1.221066e-03
1.501775868854292e-02	9.140950e-04
1.501875868854292e-02	7.033790e-04
1.501975868854292e-02	5.553527e-04
1.502075868854292e-02	4.490977e-04
1.502175868854292e-02	3.723902e-04
1.502275868854292e-02	3.215862e-04
1.502375868854292e-02	3.143824e-04
1.502475868854292e-02	4.894143e-04
1.502575868854292e-02	1.803852e-03
1.502675868854292e-02	6.713081e-03
1.502750615903196e-02	1.565567e-02
1.502833412098105e-02	3.093528e-02
1.502887422264358e-02	4.119769e-02
1.502940975512831e-02	4.840195e-02
1.503000560024586e-02	5.173354e-02
1.503058746177613e-02	5.122582e-02
1.503114783345321e-02	4.856365e-02
1.503174509848253e-02	4.483955e-02
1.503234943461928e-02	4.120738e-02
1.503334943461928e-02	3.661324e-02
1.503434943461928e-02	3.428072e-02
1.503534943461927e-02	3.447241e-02
1.503634943461927e-02	3.650542e-02
1.503734943461927e-02	3.909846e-02
1.503834943461927e-02	4.099691e-02
1.503934943461927e-02	4.162347e-02
1.504034943461927e-02	4.119985e-02
1.504134943461927e-02	4.034353e-02
1.504234943461927e-02	3.962184e-02
1.504334943461927e-02	3.935298e-02
1.504434943461927e-02	3.956617e-02
1.504534943461927e-02	4.006864e-02
1.504634943461927e-02	4.060036e-02
1.504734943461927e-02	4.097465e-02
1.504834943461926e-02	4.113644e-02
1.504934943461926e-02	4.114223e-02
1.505034943461926e-02	4.109912e-02
1.505234943461926e-02	4.118764e-02
1.505534943461926e-02	4.174277e-02
1.505834943461926e-02	4.212400e-02
1.505934943461926e-02	4.222019e-02
1.505940830738711e-02	4.222637e-02
1.505946718015497e-02	4.223259e-02
1.505952605292283e-02	4.223886e-02
1.505958492569068e-02	4.224518e-02
1.505964379845854e-02	4.225154e-02
1.505970267122640e-02	4.225795e-02
1.505976154399426e-02	4.226440e-02
1.506344011542282e-02	4.274547e-02
1.506711868685139e-02	4.322369e-02
1.507079725827996e-02	4.369907e-02
1.507447582970853e-02	4.417160e-02
1.507815440113710e-02	4.464129e-02
1.508183297256567e-02	4.510813e-02
1.508551154399424e-02	4.557212e-02
1.508765440113709e-02	4.584378e-02
1.508979725827995e-02	4.611508e-02
1.509194011542280e-02	4.638603e-02
1.509408297256566e-02	4.665662e-02
1.509622582970852e-02	4.692687e-02
1.509836868685137e-02	4.719676e-02
1.510051154399423e-02	4.746629e-02
1.510351154399422e-02	4.784308e-02
1.510651154399422e-02	4.821917e-02
1.510838989220851e-02	4.845432e-02
1.511026824042279e-02	4.868915e-02
1.511214658863707e-02	4.892368e-02
1.511402493685136e-02	4.915789e-02
1.511590328506564e-02	4.939179e-02
1.511778163327993e-02	4.962538e-02
1.511965998149421e-02	4.985866e-02
1.512165998149421e-02	5.010651e-02
1.512365998149421e-02	5.035382e-02
1.512565998149421e-02	5.060041e-02
1.512665998149421e-02	5.072329e-02
1.512765998149421e-02	5.084581e-02
1.512865998149421e-02	5.096791e-02
1.512965998149421e-02	5.108949e-02
1.513065998149420e-02	5.121044e-02
1.513165998149420e-02	5.133055e-02
1.513265998149420e-02	5.144952e-02
1.513365998149420e-02	5.156697e-02
1.513465998149420e-02	5.168239e-02
1.513565998149420e-02	5.179513e-02
1.513665998149420e-02	5.190434e-02
1.513765998149420e-02	5.200882e-02
1.513865998149420e-02	5.210698e-02
1.513965998149420e-02	5.219669e-02
1.514065998149420e-02	5.227513e-02
1.514165998149420e-02	5.233855e-02
1.514265998149420e-02	5.238203e-02
1.514365998149420e-02	5.239917e-02
1.514465998149419e-02	5.238171e-02
1.514565998149419e-02	5.231918e-02
1.514665998149419e-02	5.219857e-02
1.514765998149419e-02	5.200417e-02
1.514865998149419e-02	5.171769e-02
1.514965998149419e-02	5.131884e-02
1.515065998149419e-02	5.078625e-02
1.515165998149419e-02	5.010009e-02
1.515265998149419e-02	4.924722e-02
1.515365998149419e-02	4.822633e-02
1.515465998149419e-02	4.704976e-02
1.515565998149419e-02	4.574193e-02
1.515665998149419e-02	4.433610e-02
1.515765998149418e-02	4.287038e-02
1.515965998149418e-02	3.991170e-02
1.516065998149418e-02	3.848419e-02
1.516165998149418e-02	3.712296e-02
1.516265998149418e-02	3.584182e-02
1.516365998149418e-02	3.464767e-02
1.516465998149418e-02	3.354230e-02
1.516565998149418e-02	3.252436e-02
1.516665998149418e-02	3.159085e-02
1.516765998149418e-02	3.073805e-02
1.516865998149418e-02	2.996190e-02
1.516965998149418e-02	2.925803e-02
1.517065998149418e-02	2.862174e-02
1.517165998149417e-02	2.804796e-02
1.517265998149417e-02	2.753136e-02
1.517365998149417e-02	2.706665e-02
1.517465998149417e-02	2.664874e-02
1.517565998149417e-02	2.627297e-02
1.517665998149417e-02	2.593521e-02
1.517765998149417e-02	2.563182e-02
1.517865998149417e-02	2.535959e-02
1.517965998149417e-02	2.511561e-02
1.518065998149417e-02	2.489719e-02
1.518165998149417e-02	2.470179e-02
1.518265998149417e-02	2.452703e-02
1.518365998149417e-02	2.437069e-02
1.518465998149417e-02	2.423076e-02
1.518565998149416e-02	2.410545e-02
1.518665998149416e-02	2.399323e-02
1.518765998149416e-02	2.389273e-02
1.518865998149416e-02	2.380280e-02
1.518965998149416e-02	2.372239e-02
1.519065998149416e-02	2.365054e-02
1.519165998149416e-02	2.358638e-02
1.519265998149416e-02	2.352907e-02
1.519365998149416e-02	2.347788e-02
1.519465998149416e-02	2.343211e-02
1.519565998149416e-02	2.339117e-02
1.519665998149416e-02	2.335454e-02
1.519765998149416e-02	2.332175e-02
1.519865998149415e-02	2.329243e-02
1.519965998149415e-02	2.326623e-02
1.520065998149415e-02	2.324282e-02
1.520165998149415e-02	2.322193e-02
1.520265998149415e-02	2.320329e-02
1.520365998149415e-02	2.318664e-02
1.520465998149415e-02	2.317176e-02
1.520565998149415e-02	2.315845e-02
1.520665998149415e-02	2.314655e-02
1.520765998149415e-02	2.313590e-02
1.520865998149415e-02	2.312637e-02
1.520965998149415e-02	2.311786e-02
1.521065998149415e-02	2.311026e-02
1.521165998149415e-02	2.310348e-02
1.521265998149414e-02	2.309742e-02
1.521365998149414e-02	2.309202e-02
1.521465998149414e-02	2.308719e-02
1.521565998149414e-02	2.308287e-02
1.521665998149414e-02	2.307901e-02
1.521765998149414e-02	2.307556e-02
1.521865998149414e-02	2.307247e-02
1.521965998149414e-02	2.306970e-02
1.522065998149414e-02	2.306724e-02
1.522165998149414e-02	2.306503e-02
1.522265998149414e-02	2.306307e-02
1.522365998149414e-02	2.306132e-02
1.522465998149414e-02	2.305975e-02
1.522565998149413e-02	2.305835e-02
1.522665998149413e-02	2.305710e-02
1.522765998149413e-02	2.305598e-02
1.522865998149413e-02	2.305498e-02
1.522965998149413e-02	2.305408e-02
1.523065998149413e-02	2.305328e-02
1.523165998149413e-02	2.305257e-02
1.523265998149413e-02	2.305193e-02
1.523365998149413e-02	2.305136e-02
1.523465998149413e-02	2.305085e-02
1.523565998149413e-02	2.305040e-02
1.523665998149413e-02	2.305000e-02
1.523765998149413e-02	2.304963e-02
1.523865998149413e-02	2.304931e-02
1.523965998149412e-02	2.304902e-02
1.524065998149412e-02	2.304876e-02
1.524165998149412e-02	2.304853e-02
1.524265998149412e-02	2.304832e-02
1.524365998149412e-02	2.304813e-02
1.524465998149412e-02	2.304797e-02
1.524565998149412e-02	2.304782e-02
1.524665998149412e-02	2.304769e-02
1.524765998149412e-02	2.304757e-02
1.524865998149412e-02	2.304747e-02
1.524965998149412e-02	2.304737e-02
1.525065998149412e-02	2.304729e-02
1.525165998149412e-02	2.304722e-02
1.525265998149412e-02	2.304715e-02
1.525365998149411e-02	2.304709e-02
1.525465998149411e-02	2.304704e-02
1.525565998149411e-02	2.304699e-02
1.525665998149411e-02	2.304695e-02
1.525765998149411e-02	2.304691e-02
1.525865998149411e-02	2.304687e-02
1.525965998149411e-02	2.304684e-02
1.526165998149411e-02	2.304679e-02
1.526365998149411e-02	2.304675e-02
1.526565998149411e-02	2.304672e-02
1.526765998149410e-02	2.304669e-02
1.527065998149410e-02	2.304666e-02
1.527365998149410e-02	2.304664e-02
1.527580283863695e-02	2.304663e-02
1.527794569577981e-02	2.304662e-02
1.528008855292267e-02	2.304661e-02
1.528223141006552e-02	2.304661e-02
1.528437426720838e-02	2.304660e-02
1.528651712435123e-02	2.304660e-02
1.528865998149409e-02	2.304660e-02
1.529351712435123e-02	2.304660e-02
1.529837426720837e-02	2.304659e-02
1.530323141006551e-02	2.304659e-02
1.530808855292265e-02	2.304659e-02
1.531294569577979e-02	2.304659e-02
1.531780283863692e-02	2.304659e-02
1.532265998149406e-02	2.304659e-02
1.534608855292262e-02	2.304659e-02
1.536951712435117e-02	2.304659e-02
1.539294569577973e-02	2.304659e-02
1.541637426720828e-02	2.304659e-02
1.543980283863683e-02	2.304659e-02
1.546323141006539e-02	2.304659e-02
1.548665998149394e-02	2.304659e-02
1.551023141006536e-02	2.304659e-02
1.553380283863678e-02	2.304659e-02
1.555737426720820e-02	2.304659e-02
1.558094569577961e-02	2.304659e-02
1.560451712435103e-02	2.304659e-02
1.562808855292245e-02	2.304659e-02
1.565165998149387e-02	2.304659e-02
1.567523141006532e-02	2.304659e-02
1.569880283863677e-02	2.304659e-02
1.572237426720823e-02	2.304659e-02
1.574594569577967e-02	2.304659e-02
1.576951712435113e-02	2.304659e-02
1.579308855292258e-02	2.304659e-02
1.581665998149403e-02	2.304659e-02
1.583423141006548e-02	2.304659e-02
1.585180283863693e-02	2.304659e-02
1.586937426720837e-02	2.304659e-02
1.588694569577982e-02	2.304659e-02
1.590451712435126e-02	2.304659e-02
1.592208855292271e-02	2.304659e-02
1.593965998149416e-02	2.304659e-02
1.594065998149416e-02	2.304659e-02
1.596437426720847e-02	2.304659e-02
1.598808855292277e-02	2.304659e-02
1.601180283863709e-02	2.304659e-02
1.603551712435139e-02	2.304659e-02
1.605923141006570e-02	2.304659e-02
1.608294569578001e-02	2.304659e-02
1.610665998149432e-02	2.304659e-02
1.613051712435149e-02	2.304659e-02
1.615437426720866e-02	2.304659e-02
1.617823141006582e-02	2.304659e-02
1.620208855292299e-02	2.304659e-02
1.622594569578015e-02	2.304659e-02
1.624980283863732e-02	2.304659e-02
1.627365998149449e-02	2.304659e-02
1.629780283863737e-02	2.304659e-02
1.632194569578025e-02	2.304659e-02
1.634608855292313e-02	2.304659e-02
1.637023141006601e-02	2.304659e-02
1.639437426720890e-02	2.304659e-02
1.641851712435178e-02	2.304659e-02
1.644265998149466e-02	2.304659e-02
1.646737426720897e-02	2.304659e-02
1.649208855292328e-02	2.304659e-02
1.651680283863759e-02	2.304659e-02
1.654151712435190e-02	2.304659e-02
1.656623141006621e-02	2.304659e-02
1.659094569578052e-02	2.304659e-02
1.661565998149483e-02	2.304659e-02
1.664137426720914e-02	2.304659e-02
1.666708855292345e-02	2.304659e-02
1.669280283863777e-02	2.304659e-02
1.671851712435208e-02	2.304659e-02
1.674423141006639e-02	2.304659e-02
1.676994569578070e-02	2.304659e-02
1.679565998149501e-02	2.304659e-02
1.681965998149504e-02	2.304659e-02
1.684365998149506e-02	2.304659e-02
1.686765998149508e-02	2.304659e-02
1.689165998149511e-02	2.304659e-02
1.691565998149513e-02	2.304659e-02
1.693965998149516e-02	2.304659e-02
1.696365998149518e-02	2.304659e-02
1.696465998149518e-02	2.304659e-02
1.699580283863807e-02	2.304659e-02
1.702694569578096e-02	2.304659e-02
1.705808855292384e-02	2.304659e-02
1.708923141006673e-02	2.304659e-02
1.712037426720962e-02	2.304659e-02
1.715151712435251e-02	2.304659e-02
1.718265998149540e-02	2.304659e-02
1.722137426720972e-02	2.304659e-02
1.726008855292405e-02	2.304659e-02
1.729880283863837e-02	2.304659e-02
1.733751712435270e-02	2.304659e-02
1.737623141006702e-02	2.304659e-02
1.741494569578134e-02	2.304659e-02
1.745365998149567e-02	2.304659e-02
1.750880283863858e-02	2.304659e-02
1.756394569578149e-02	2.304659e-02
1.761908855292441e-02	2.304659e-02
1.767423141006732e-02	2.304659e-02
1.772937426721023e-02	2.304659e-02
1.778451712435314e-02	2.304659e-02
1.783965998149606e-02	2.304659e-02
1.798865998149620e-02	2.304659e-02
1.813023141006777e-02	2.304659e-02
1.827180283863935e-02	2.304659e-02
1.841337426721092e-02	2.304659e-02
1.855494569578248e-02	2.304659e-02
1.869651712435405e-02	2.304659e-02
1.883808855292562e-02	2.304659e-02
1.897965998149720e-02	2.304659e-02
1.901265998149723e-02	2.304659e-02
1.999965998149822e-02	2.304659e-02
2.000000000000000e-02	2.304659e-02
