time	V(vo)
0.000000000000000e+00	5.932669e-05
9.999999960041972e-12	5.932669e-05
1.999999992008394e-11	5.932669e-05
7.999999968033578e-11	5.932669e-05
1.599999993606716e-10	5.932669e-05
3.199999987213431e-10	5.932669e-05
6.125714261237142e-09	5.932669e-05
1.193142852375294e-08	5.932669e-05
1.773714278626874e-08	5.932669e-05
2.354285704878454e-08	5.932669e-05
2.934857131130034e-08	5.932669e-05
3.515428557381613e-08	5.932669e-05
4.095999983633192e-08	5.932669e-05
1.000000000000000e-03	5.932724e-05
1.000003159324314e-03	5.932968e-05
1.000009477972942e-03	5.933471e-05
1.000022115270199e-03	5.934490e-05
1.000035731252814e-03	5.935585e-05
1.000048535960340e-03	5.936606e-05
1.000070353375865e-03	5.938314e-05
1.000106573448965e-03	5.941059e-05
1.000179013595167e-03	5.946224e-05
1.000323893887570e-03	5.955604e-05
1.000520880535930e-03	5.966799e-05
1.000741633006915e-03	5.977510e-05
1.001000196326671e-03	5.988041e-05
1.001346350330178e-03	5.999739e-05
1.001850101210693e-03	6.013960e-05
1.002349134443945e-03	6.026065e-05
1.002825262082142e-03	6.036240e-05
1.003306771734423e-03	6.045224e-05
1.003573114571316e-03	6.048589e-05
1.003817318838270e-03	6.047388e-05
1.004083623557782e-03	6.035972e-05
1.004278484858657e-03	6.012748e-05
1.004464890011262e-03	5.968850e-05
1.004646802725306e-03	5.908622e-05
1.004776021771069e-03	5.866882e-05
1.004887543569826e-03	5.845448e-05
1.004992012784925e-03	5.845076e-05
1.005104870992625e-03	5.860089e-05
1.005200674777058e-03	5.876873e-05
1.005310602761966e-03	5.895833e-05
1.005412864580928e-03	5.912568e-05
1.005531403334412e-03	5.930969e-05
1.005647455500988e-03	5.947835e-05
1.005779433569052e-03	5.965399e-05
1.006043389705179e-03	5.996876e-05
1.006441089421531e-03	6.039040e-05
1.006839545767171e-03	6.077049e-05
1.007431013252300e-03	6.130389e-05
1.008020907179712e-03	6.184896e-05
1.008884025092260e-03	6.272457e-05
1.009802219278018e-03	6.375975e-05
1.010000000000000e-03	6.400366e-05
1.010004745023438e-03	6.400473e-05
1.010014235070314e-03	6.400667e-05
1.010033215164066e-03	6.401059e-05
1.010071175351570e-03	6.401960e-05
1.010193747607094e-03	6.405829e-05
1.010323892648510e-03	6.411512e-05
1.010418172505614e-03	6.416524e-05
1.010490327490818e-03	6.420805e-05
1.010571535588293e-03	6.426142e-05
1.010669486108628e-03	6.433185e-05
1.010776607615190e-03	6.441626e-05
1.010919362693172e-03	6.453957e-05
1.011071059303793e-03	6.468321e-05
1.011245567725954e-03	6.486451e-05
1.011430827685706e-03	6.507758e-05
1.011699645067712e-03	6.543390e-05
1.012161870102121e-03	6.616949e-05
1.012594593497534e-03	6.705313e-05
1.013064502991258e-03	6.836085e-05
1.013507797225479e-03	7.018553e-05
1.014048541803827e-03	7.375125e-05
1.014610188462132e-03	8.046556e-05
1.015290130347319e-03	9.618217e-05
1.015923840754003e-03	1.234437e-04
1.016350804222147e-03	1.584659e-04
1.016687170117337e-03	2.178544e-04
1.016917560309042e-03	3.198451e-04
1.017096515947296e-03	5.130726e-04
1.017273465748430e-03	9.087487e-04
1.017461724947180e-03	1.658922e-03
1.017664396619340e-03	2.977952e-03
1.017912193789273e-03	5.471860e-03
1.018217578454194e-03	1.006100e-02
1.018609883709325e-03	1.857542e-02
1.019136782556640e-03	3.397657e-02
1.019716738572928e-03	5.474369e-02
1.020234075222944e-03	7.546443e-02
1.020823074455371e-03	9.985750e-02
1.021413617268291e-03	1.238471e-01
1.021805077586585e-03	1.389639e-01
1.022237872643096e-03	1.546019e-01
1.022701661880938e-03	1.701510e-01
1.023284234744660e-03	1.880384e-01
1.024033239924519e-03	2.090401e-01
1.024795843150377e-03	2.288033e-01
1.025530856574846e-03	2.469373e-01
1.026266157619026e-03	2.649448e-01
1.027078369489019e-03	2.854976e-01
1.028078369489019e-03	3.122913e-01
1.029066271699267e-03	3.404160e-01
1.030066271699267e-03	3.701932e-01
1.031066271699267e-03	4.005255e-01
1.032066271699267e-03	4.307114e-01
1.033066271699267e-03	4.603243e-01
1.034066271699267e-03	4.892747e-01
1.035066271699267e-03	5.177312e-01
1.036066271699267e-03	5.459786e-01
1.037066271699267e-03	5.742810e-01
1.038066271699267e-03	6.027950e-01
1.039066271699267e-03	6.315487e-01
1.041066271699266e-03	6.894552e-01
1.043066271699266e-03	7.472439e-01
1.046066271699266e-03	8.332951e-01
1.047351985984980e-03	8.701790e-01
1.048637700270694e-03	9.070549e-01
1.049923414556408e-03	9.439229e-01
1.051209128842123e-03	9.807830e-01
1.052494843127837e-03	1.017635e+00
1.053780557413551e-03	1.054479e+00
1.055066271699265e-03	1.091316e+00
1.058066271699265e-03	1.177129e+00
1.060209128842122e-03	1.238390e+00
1.062351985984979e-03	1.299605e+00
1.064494843127836e-03	1.360772e+00
1.066637700270693e-03	1.421892e+00
1.068780557413550e-03	1.482965e+00
1.070923414556407e-03	1.543991e+00
1.073066271699264e-03	1.604970e+00
1.075351985984978e-03	1.669965e+00
1.077637700270692e-03	1.734907e+00
1.079923414556406e-03	1.799796e+00
1.082209128842120e-03	1.864632e+00
1.084494843127834e-03	1.929414e+00
1.086780557413548e-03	1.994144e+00
1.089066271699262e-03	2.058820e+00
1.090066271699262e-03	2.087102e+00
1.090107287324262e-03	2.088261e+00
1.090148302949262e-03	2.089421e+00
1.090189318574262e-03	2.090581e+00
1.090230334199262e-03	2.091740e+00
1.090271349824262e-03	2.092900e+00
1.090312365449262e-03	2.094060e+00
1.090353381074262e-03	2.095219e+00
1.095192666788548e-03	2.231912e+00
1.100031952502833e-03	2.368360e+00
1.104871238217118e-03	2.504564e+00
1.109710523931404e-03	2.640523e+00
1.114549809645689e-03	2.776238e+00
1.119389095359974e-03	2.911709e+00
1.124228381074260e-03	3.046936e+00
1.127465825270688e-03	3.137261e+00
1.130703269467116e-03	3.227474e+00
1.133940713663544e-03	3.317573e+00
1.137178157859973e-03	3.407560e+00
1.140415602056401e-03	3.497434e+00
1.143653046252829e-03	3.587196e+00
1.146890490449258e-03	3.676844e+00
1.147961919020686e-03	3.706487e+00
1.149033347592115e-03	3.736116e+00
1.150104776163543e-03	3.765733e+00
1.151176204734972e-03	3.795337e+00
1.152247633306400e-03	3.824928e+00
1.153319061877829e-03	3.854507e+00
1.154390490449257e-03	3.884073e+00
1.155390490449257e-03	3.911654e+00
1.156390490449257e-03	3.939224e+00
1.157390490449257e-03	3.966782e+00
1.158390490449257e-03	3.994327e+00
1.159515490449257e-03	4.025302e+00
1.160265490449257e-03	4.045940e+00
1.160990611584489e-03	4.065885e+00
1.161990611584489e-03	4.093377e+00
1.162990611584489e-03	4.120854e+00
1.163990611584489e-03	4.148314e+00
1.164990611584489e-03	4.175752e+00
1.165990611584489e-03	4.203168e+00
1.166990611584489e-03	4.230558e+00
1.167990611584489e-03	4.257917e+00
1.168990611584489e-03	4.285240e+00
1.169990611584488e-03	4.312519e+00
1.170990611584488e-03	4.339746e+00
1.171990611584488e-03	4.366908e+00
1.172990611584488e-03	4.393991e+00
1.173990611584488e-03	4.420975e+00
1.174990611584488e-03	4.447836e+00
1.175990611584488e-03	4.474545e+00
1.176990611584488e-03	4.501065e+00
1.177990611584488e-03	4.527349e+00
1.178990611584488e-03	4.553344e+00
1.179990611584488e-03	4.578983e+00
1.180990611584488e-03	4.604190e+00
1.181990611584487e-03	4.628878e+00
1.182990611584487e-03	4.652952e+00
1.183990611584487e-03	4.676311e+00
1.184990611584487e-03	4.698852e+00
1.185990611584487e-03	4.720477e+00
1.186990611584487e-03	4.741096e+00
1.188990611584487e-03	4.779043e+00
1.191990611584487e-03	4.827275e+00
1.193990611584486e-03	4.853762e+00
1.194990611584486e-03	4.865432e+00
1.195990611584486e-03	4.876129e+00
1.196990611584486e-03	4.885914e+00
1.197990611584486e-03	4.894849e+00
1.198990611584486e-03	4.902996e+00
1.199990611584486e-03	4.910414e+00
1.200990611584486e-03	4.917161e+00
1.201990611584486e-03	4.923292e+00
1.202990611584486e-03	4.928858e+00
1.203990611584486e-03	4.933908e+00
1.204990611584485e-03	4.938489e+00
1.205990611584485e-03	4.942641e+00
1.206990611584485e-03	4.946404e+00
1.207990611584485e-03	4.949812e+00
1.208990611584485e-03	4.952898e+00
1.209990611584485e-03	4.955691e+00
1.210990611584485e-03	4.958219e+00
1.211990611584485e-03	4.960506e+00
1.212990611584485e-03	4.962575e+00
1.213990611584485e-03	4.964446e+00
1.214990611584485e-03	4.966138e+00
1.215990611584485e-03	4.967668e+00
1.216990611584484e-03	4.969052e+00
1.217990611584484e-03	4.970303e+00
1.218990611584484e-03	4.971433e+00
1.219990611584484e-03	4.972456e+00
1.220990611584484e-03	4.973379e+00
1.221990611584484e-03	4.974215e+00
1.222990611584484e-03	4.974969e+00
1.223990611584484e-03	4.975651e+00
1.224990611584484e-03	4.976267e+00
1.225990611584484e-03	4.976824e+00
1.226990611584484e-03	4.977327e+00
1.227990611584484e-03	4.977781e+00
1.228990611584483e-03	4.978192e+00
1.229990611584483e-03	4.978563e+00
1.230990611584483e-03	4.978899e+00
1.231990611584483e-03	4.979202e+00
1.232990611584483e-03	4.979475e+00
1.233990611584483e-03	4.979723e+00
1.234990611584483e-03	4.979946e+00
1.235990611584483e-03	4.980148e+00
1.236990611584483e-03	4.980330e+00
1.237990611584483e-03	4.980495e+00
1.238990611584483e-03	4.980644e+00
1.239990611584483e-03	4.980778e+00
1.240990611584482e-03	4.980900e+00
1.241990611584482e-03	4.981009e+00
1.242990611584482e-03	4.981109e+00
1.243990611584482e-03	4.981198e+00
1.244990611584482e-03	4.981279e+00
1.245990611584482e-03	4.981352e+00
1.246990611584482e-03	4.981419e+00
1.247990611584482e-03	4.981478e+00
1.248990611584482e-03	4.981532e+00
1.249990611584482e-03	4.981581e+00
1.250990611584482e-03	4.981625e+00
1.251990611584482e-03	4.981664e+00
1.252990611584481e-03	4.981700e+00
1.253990611584481e-03	4.981732e+00
1.254990611584481e-03	4.981762e+00
1.255990611584481e-03	4.981788e+00
1.256990611584481e-03	4.981812e+00
1.257990611584481e-03	4.981833e+00
1.258990611584481e-03	4.981853e+00
1.259990611584481e-03	4.981871e+00
1.260990611584481e-03	4.981886e+00
1.261990611584481e-03	4.981901e+00
1.262990611584481e-03	4.981914e+00
1.263990611584481e-03	4.981925e+00
1.264990611584480e-03	4.981936e+00
1.265990611584480e-03	4.981946e+00
1.266990611584480e-03	4.981955e+00
1.267990611584480e-03	4.981962e+00
1.268990611584480e-03	4.981969e+00
1.269990611584480e-03	4.981976e+00
1.270990611584480e-03	4.981982e+00
1.271990611584480e-03	4.981987e+00
1.272990611584480e-03	4.981991e+00
1.273990611584480e-03	4.981996e+00
1.274990611584480e-03	4.981999e+00
1.275990611584480e-03	4.982003e+00
1.276990611584479e-03	4.982006e+00
1.277990611584479e-03	4.982009e+00
1.278990611584479e-03	4.982011e+00
1.279990611584479e-03	4.982014e+00
1.280990611584479e-03	4.982016e+00
1.281990611584479e-03	4.982018e+00
1.282990611584479e-03	4.982019e+00
1.283990611584479e-03	4.982021e+00
1.284990611584479e-03	4.982022e+00
1.285990611584479e-03	4.982024e+00
1.286990611584479e-03	4.982025e+00
1.287990611584479e-03	4.982026e+00
1.288990611584478e-03	4.982027e+00
1.289990611584478e-03	4.982028e+00
1.290990611584478e-03	4.982028e+00
1.291990611584478e-03	4.982029e+00
1.292990611584478e-03	4.982029e+00
1.293990611584478e-03	4.982030e+00
1.294990611584478e-03	4.982030e+00
1.295990611584478e-03	4.982031e+00
1.296990611584478e-03	4.982031e+00
1.298990611584478e-03	4.982032e+00
1.300990611584477e-03	4.982033e+00
1.302990611584477e-03	4.982033e+00
1.304990611584477e-03	4.982034e+00
1.306990611584477e-03	4.982034e+00
1.309990611584477e-03	4.982034e+00
1.312990611584476e-03	4.982035e+00
1.315990611584476e-03	4.982035e+00
1.318276325870190e-03	4.982035e+00
1.320562040155904e-03	4.982035e+00
1.322847754441618e-03	4.982035e+00
1.325133468727333e-03	4.982035e+00
1.327419183013047e-03	4.982035e+00
1.329704897298761e-03	4.982035e+00
1.331990611584475e-03	4.982035e+00
1.337133468727332e-03	4.982035e+00
1.342276325870188e-03	4.982035e+00
1.347419183013045e-03	4.982035e+00
1.352562040155902e-03	4.982035e+00
1.357704897298758e-03	4.982035e+00
1.362847754441615e-03	4.982035e+00
1.367990611584472e-03	4.982035e+00
1.391562040155898e-03	4.982035e+00
1.415133468727325e-03	4.982035e+00
1.438704897298752e-03	4.982035e+00
1.462276325870178e-03	4.982035e+00
1.485847754441605e-03	4.982035e+00
1.509419183013031e-03	4.982035e+00
1.532990611584458e-03	4.982035e+00
1.556562040155885e-03	4.982035e+00
1.580133468727311e-03	4.982035e+00
1.603704897298738e-03	4.982035e+00
1.627276325870164e-03	4.982035e+00
1.650847754441591e-03	4.982035e+00
1.674419183013017e-03	4.982035e+00
1.697990611584444e-03	4.982035e+00
1.721562040155871e-03	4.982035e+00
1.745133468727297e-03	4.982035e+00
1.768704897298724e-03	4.982035e+00
1.792276325870151e-03	4.982035e+00
1.815847754441577e-03	4.982035e+00
1.839419183013004e-03	4.982035e+00
1.862990611584430e-03	4.982035e+00
1.874133468727286e-03	4.982035e+00
1.885276325870142e-03	4.982035e+00
1.896419183012999e-03	4.982035e+00
1.907562040155855e-03	4.982035e+00
1.918704897298711e-03	4.982035e+00
1.929847754441567e-03	4.982035e+00
1.940990611584424e-03	4.982035e+00
1.941990611584424e-03	4.982035e+00
1.965704897298712e-03	4.982035e+00
1.989419183013001e-03	4.982035e+00
2.013133468727289e-03	4.982035e+00
2.036847754441577e-03	4.982035e+00
2.060562040155866e-03	4.982035e+00
2.084276325870155e-03	4.982035e+00
2.107990611584443e-03	4.982035e+00
2.131847754441589e-03	4.982035e+00
2.155704897298735e-03	4.982035e+00
2.179562040155881e-03	4.982035e+00
2.203419183013027e-03	4.982035e+00
2.227276325870173e-03	4.982035e+00
2.251133468727319e-03	4.982035e+00
2.274990611584465e-03	4.982035e+00
2.299276325870183e-03	4.982035e+00
2.323562040155900e-03	4.982035e+00
2.347847754441618e-03	4.982035e+00
2.372133468727335e-03	4.982035e+00
2.396419183013053e-03	4.982035e+00
2.420704897298770e-03	4.982035e+00
2.444990611584488e-03	4.982035e+00
2.469847754441634e-03	4.982035e+00
2.494704897298780e-03	4.982035e+00
2.519562040155926e-03	4.982035e+00
2.544419183013072e-03	4.982035e+00
2.569276325870219e-03	4.982035e+00
2.594133468727365e-03	4.982035e+00
2.618990611584511e-03	4.982035e+00
2.645133468727371e-03	4.982035e+00
2.671276325870232e-03	4.982035e+00
2.697419183013092e-03	4.982035e+00
2.723562040155953e-03	4.982035e+00
2.749704897298814e-03	4.982035e+00
2.775847754441675e-03	4.982035e+00
2.801990611584535e-03	4.982035e+00
2.825276325870252e-03	4.982035e+00
2.848562040155970e-03	4.982035e+00
2.871847754441687e-03	4.982035e+00
2.895133468727404e-03	4.982035e+00
2.918419183013122e-03	4.982035e+00
2.941704897298839e-03	4.982035e+00
2.964990611584557e-03	4.982035e+00
2.965990611584557e-03	4.982035e+00
2.999990611584561e-03	4.982035e+00
3.000000000000000e-03	4.982035e+00
3.000018776830878e-03	4.982035e+00
3.000056330492632e-03	4.982035e+00
3.000131437816142e-03	4.982035e+00
3.000281652463162e-03	4.982035e+00
3.000582081757202e-03	4.982038e+00
3.001152419922438e-03	4.982060e+00
3.001828853265369e-03	4.982149e+00
3.002828853265369e-03	4.982482e+00
3.003828853265369e-03	4.983152e+00
3.004828853265369e-03	4.984272e+00
3.005828853265369e-03	4.985874e+00
3.006828853265369e-03	4.987905e+00
3.007828853265370e-03	4.990259e+00
3.008828853265370e-03	4.992813e+00
3.009828853265370e-03	4.995463e+00
3.010828853265370e-03	4.998157e+00
3.011828853265370e-03	5.000887e+00
3.012828853265370e-03	5.003689e+00
3.013828853265370e-03	5.006609e+00
3.014828853265370e-03	5.009684e+00
3.015828853265371e-03	5.012925e+00
3.016828853265371e-03	5.016317e+00
3.017828853265371e-03	5.019824e+00
3.018828853265371e-03	5.023403e+00
3.019828853265371e-03	5.027021e+00
3.021828853265371e-03	5.034315e+00
3.023828853265372e-03	5.041734e+00
3.026828853265372e-03	5.053271e+00
3.028828853265372e-03	5.061173e+00
3.030114567551087e-03	5.066277e+00
3.031400281836801e-03	5.071407e+00
3.032685996122516e-03	5.076563e+00
3.033971710408230e-03	5.081746e+00
3.035257424693944e-03	5.086956e+00
3.036543138979659e-03	5.092192e+00
3.037828853265374e-03	5.097455e+00
3.042685996122517e-03	5.117503e+00
3.047543138979660e-03	5.137601e+00
3.052400281836804e-03	5.157750e+00
3.057257424693947e-03	5.177948e+00
3.062114567551091e-03	5.198195e+00
3.066971710408234e-03	5.218493e+00
3.071828853265378e-03	5.238840e+00
3.075543138979664e-03	5.254367e+00
3.079257424693950e-03	5.269893e+00
3.082971710408236e-03	5.285418e+00
3.086685996122523e-03	5.300941e+00
3.090400281836809e-03	5.316463e+00
3.094114567551095e-03	5.331983e+00
3.097828853265381e-03	5.347503e+00
3.100000000000000e-03	5.356570e+00
3.100100000000000e-03	5.356988e+00
3.100300000000000e-03	5.357822e+00
3.100700000000000e-03	5.359485e+00
3.101346404391061e-03	5.362124e+00
3.102306233685779e-03	5.365872e+00
3.103306233685779e-03	5.369446e+00
3.104306233685779e-03	5.372551e+00
3.105306233685779e-03	5.375142e+00
3.106306233685779e-03	5.377268e+00
3.107306233685779e-03	5.379042e+00
3.108306233685779e-03	5.380600e+00
3.109306233685780e-03	5.382055e+00
3.110306233685780e-03	5.383467e+00
3.111306233685780e-03	5.384841e+00
3.112306233685780e-03	5.386143e+00
3.113306233685780e-03	5.387321e+00
3.114306233685780e-03	5.388340e+00
3.115306233685780e-03	5.389186e+00
3.116306233685780e-03	5.389877e+00
3.117306233685781e-03	5.390452e+00
3.118306233685781e-03	5.390956e+00
3.119306233685781e-03	5.391426e+00
3.120306233685781e-03	5.391883e+00
3.121306233685781e-03	5.392330e+00
3.122306233685781e-03	5.392755e+00
3.123306233685781e-03	5.393142e+00
3.124306233685782e-03	5.393477e+00
3.125306233685782e-03	5.393756e+00
3.126306233685782e-03	5.393982e+00
3.127306233685782e-03	5.394169e+00
3.128306233685782e-03	5.394331e+00
3.129306233685782e-03	5.394481e+00
3.130306233685782e-03	5.394627e+00
3.131306233685782e-03	5.394770e+00
3.132306233685783e-03	5.394908e+00
3.133306233685783e-03	5.395035e+00
3.134306233685783e-03	5.395145e+00
3.135306233685783e-03	5.395237e+00
3.136306233685783e-03	5.395312e+00
3.137306233685783e-03	5.395373e+00
3.138306233685783e-03	5.395425e+00
3.139306233685784e-03	5.395473e+00
3.140306233685784e-03	5.395519e+00
3.141306233685784e-03	5.395565e+00
3.142306233685784e-03	5.395609e+00
3.143306233685784e-03	5.395650e+00
3.144306233685784e-03	5.395687e+00
3.145306233685784e-03	5.395718e+00
3.146306233685784e-03	5.395742e+00
3.147306233685785e-03	5.395762e+00
3.148306233685785e-03	5.395779e+00
3.149306233685785e-03	5.395794e+00
3.150306233685785e-03	5.395809e+00
3.151306233685785e-03	5.395823e+00
3.152306233685785e-03	5.395838e+00
3.153306233685785e-03	5.395851e+00
3.154306233685786e-03	5.395863e+00
3.155306233685786e-03	5.395874e+00
3.156306233685786e-03	5.395882e+00
3.157306233685786e-03	5.395888e+00
3.158306233685786e-03	5.395894e+00
3.159306233685786e-03	5.395898e+00
3.160306233685786e-03	5.395903e+00
3.161306233685786e-03	5.395907e+00
3.162306233685787e-03	5.395912e+00
3.163306233685787e-03	5.395916e+00
3.164306233685787e-03	5.395921e+00
3.165306233685787e-03	5.395924e+00
3.166306233685787e-03	5.395926e+00
3.167306233685787e-03	5.395928e+00
3.168306233685787e-03	5.395930e+00
3.169306233685788e-03	5.395932e+00
3.170306233685788e-03	5.395933e+00
3.171306233685788e-03	5.395935e+00
3.172306233685788e-03	5.395936e+00
3.173306233685788e-03	5.395938e+00
3.174306233685788e-03	5.395939e+00
3.176306233685788e-03	5.395941e+00
3.177306233685789e-03	5.395942e+00
3.178306233685789e-03	5.395942e+00
3.179306233685789e-03	5.395943e+00
3.180306233685789e-03	5.395943e+00
3.181306233685789e-03	5.395944e+00
3.182306233685789e-03	5.395944e+00
3.183306233685789e-03	5.395945e+00
3.184306233685789e-03	5.395945e+00
3.185306233685790e-03	5.395946e+00
3.186306233685790e-03	5.395946e+00
3.187306233685790e-03	5.395946e+00
3.188306233685790e-03	5.395946e+00
3.189306233685790e-03	5.395947e+00
3.190306233685790e-03	5.395947e+00
3.192306233685791e-03	5.395947e+00
3.193306233685791e-03	5.395947e+00
3.194306233685791e-03	5.395947e+00
3.195306233685791e-03	5.395947e+00
3.197306233685791e-03	5.395947e+00
3.198306233685791e-03	5.395947e+00
3.199306233685791e-03	5.395947e+00
3.200306233685792e-03	5.395947e+00
3.202306233685792e-03	5.395947e+00
3.203306233685792e-03	5.395947e+00
3.204306233685792e-03	5.395947e+00
3.207306233685793e-03	5.395948e+00
3.208306233685793e-03	5.395948e+00
3.209306233685793e-03	5.395948e+00
3.212306233685793e-03	5.395948e+00
3.215306233685794e-03	5.395948e+00
3.216591947971508e-03	5.395948e+00
3.217877662257223e-03	5.395948e+00
3.219163376542937e-03	5.395948e+00
3.220449090828651e-03	5.395948e+00
3.221734805114366e-03	5.395948e+00
3.223020519400080e-03	5.395948e+00
3.224306233685795e-03	5.395948e+00
3.227306233685795e-03	5.395948e+00
3.230306233685796e-03	5.395948e+00
3.233306233685796e-03	5.395948e+00
3.236306233685796e-03	5.395948e+00
3.239306233685797e-03	5.395948e+00
3.242306233685797e-03	5.395948e+00
3.245306233685798e-03	5.395948e+00
3.269020519400086e-03	5.395948e+00
3.292734805114375e-03	5.395948e+00
3.316449090828664e-03	5.395948e+00
3.340163376542953e-03	5.395948e+00
3.363877662257242e-03	5.395948e+00
3.387591947971531e-03	5.395948e+00
3.411306233685820e-03	5.395948e+00
3.435163376542966e-03	5.395948e+00
3.459020519400112e-03	5.395948e+00
3.482877662257258e-03	5.395948e+00
3.506734805114404e-03	5.395948e+00
3.530591947971550e-03	5.395948e+00
3.554449090828696e-03	5.395948e+00
3.578306233685842e-03	5.395948e+00
3.602449090828702e-03	5.395948e+00
3.626591947971563e-03	5.395948e+00
3.650734805114423e-03	5.395948e+00
3.674877662257283e-03	5.395948e+00
3.699020519400143e-03	5.395948e+00
3.723163376543004e-03	5.395948e+00
3.747306233685864e-03	5.395948e+00
3.772020519400153e-03	5.395948e+00
3.796734805114442e-03	5.395948e+00
3.821449090828731e-03	5.395948e+00
3.846163376543020e-03	5.395948e+00
3.870877662257309e-03	5.395948e+00
3.895591947971598e-03	5.395948e+00
3.920306233685887e-03	5.395948e+00
3.928734805114459e-03	5.395948e+00
3.937163376543032e-03	5.395948e+00
3.945591947971604e-03	5.395948e+00
3.954020519400177e-03	5.395948e+00
3.962449090828750e-03	5.395948e+00
3.970877662257322e-03	5.395948e+00
3.979306233685895e-03	5.395948e+00
3.980306233685895e-03	5.395948e+00
4.006734805114470e-03	5.395948e+00
4.033163376543044e-03	5.395948e+00
4.059591947971619e-03	5.395948e+00
4.086020519400195e-03	5.395948e+00
4.112449090828770e-03	5.395948e+00
4.138877662257344e-03	5.395948e+00
4.165306233685919e-03	5.395948e+00
4.194449090828781e-03	5.395948e+00
4.223591947971641e-03	5.395948e+00
4.252734805114502e-03	5.395948e+00
4.281877662257363e-03	5.395948e+00
4.311020519400225e-03	5.395948e+00
4.340163376543085e-03	5.395948e+00
4.369306233685946e-03	5.395948e+00
4.403877662257380e-03	5.395948e+00
4.438449090828813e-03	5.395948e+00
4.473020519400246e-03	5.395948e+00
4.507591947971679e-03	5.395948e+00
4.542163376543112e-03	5.395948e+00
4.576734805114545e-03	5.395948e+00
4.611306233685978e-03	5.395948e+00
4.657591947971699e-03	5.395948e+00
4.703877662257419e-03	5.395948e+00
4.750163376543140e-03	5.395948e+00
4.796449090828860e-03	5.395948e+00
4.842734805114580e-03	5.395948e+00
4.889020519400301e-03	5.395948e+00
4.935306233686021e-03	5.395948e+00
5.004306233686031e-03	5.395948e+00
5.087449090828899e-03	5.395948e+00
5.170591947971767e-03	5.395948e+00
5.253734805114635e-03	5.395948e+00
5.336877662257503e-03	5.395948e+00
5.420020519400372e-03	5.395948e+00
5.503163376543239e-03	5.395948e+00
5.586306233686108e-03	5.395948e+00
6.028306233686167e-03	5.395948e+00
7.052306233686302e-03	5.395948e+00
8.076306233686209e-03	5.395948e+00
9.100306233685457e-03	5.395948e+00
1.000000000000000e-02	5.395948e+00
1.000060625000000e-02	5.395948e+00
1.000064375000000e-02	5.395948e+00
1.000069450019679e-02	5.395948e+00
1.000071291252045e-02	5.395948e+00
1.000071972929617e-02	5.371769e+00
1.000072220461265e-02	5.314370e+00
1.000072455210962e-02	5.207201e+00
1.000072680402671e-02	5.091442e+00
1.000072903447860e-02	4.979859e+00
1.000073244384581e-02	4.814456e+00
1.000073589461041e-02	4.653986e+00
1.000074231464189e-02	4.371337e+00
1.000074871912688e-02	4.104935e+00
1.000075234944852e-02	3.961896e+00
1.000075433361816e-02	3.886910e+00
1.000075619606484e-02	3.818472e+00
1.000075795699305e-02	3.754960e+00
1.000075836220202e-02	3.740568e+00
1.000075917261998e-02	3.712063e+00
1.000075937522447e-02	3.704976e+00
1.000075978043344e-02	3.690867e+00
1.000075988173569e-02	3.687349e+00
1.000076008434018e-02	3.680338e+00
1.000076020107519e-02	3.676298e+00
1.000076031781020e-02	3.672265e+00
1.000076043454520e-02	3.668240e+00
1.000076055128021e-02	3.664221e+00
1.000076066801522e-02	3.660210e+00
1.000076078475023e-02	3.656207e+00
1.000076090148524e-02	3.652211e+00
1.000076130669422e-02	3.638396e+00
1.000076211711217e-02	3.611028e+00
1.000076373794808e-02	3.557107e+00
1.000076565985440e-02	3.494422e+00
1.000076752517805e-02	3.435008e+00
1.000076951627906e-02	3.373235e+00
1.000077186941521e-02	3.302346e+00
1.000077468994085e-02	3.220287e+00
1.000077813120784e-02	3.124358e+00
1.000078242687244e-02	3.010913e+00
1.000078809423644e-02	2.871553e+00
1.000079607685513e-02	2.692370e+00
1.000080540305899e-02	2.504763e+00
1.000081512722969e-02	2.331709e+00
1.000082447427248e-02	2.185409e+00
1.000083430419119e-02	2.047509e+00
1.000083748162170e-02	2.006638e+00
1.000084059450514e-02	1.969150e+00
1.000084373034461e-02	1.933103e+00
1.000084836265425e-02	1.882809e+00
1.000085484059776e-02	1.818124e+00
1.000086645063351e-02	1.716933e+00
1.000088652816178e-02	1.572740e+00
1.000090876585641e-02	1.451565e+00
1.000094088494803e-02	1.318301e+00
1.000094167424917e-02	1.315664e+00
1.000094325285146e-02	1.311162e+00
1.000094641005602e-02	1.302535e+00
1.000095272446516e-02	1.286683e+00
1.000096535328343e-02	1.258459e+00
1.000097474236346e-02	1.240100e+00
1.000098122183993e-02	1.229060e+00
1.000098704104706e-02	1.220038e+00
1.000098836158574e-02	1.218123e+00
1.000099100266310e-02	1.214501e+00
1.000099471784529e-02	1.209669e+00
1.000100000000000e-02	1.203127e+00
1.000100052821547e-02	1.202519e+00
1.000100158464641e-02	1.201320e+00
1.000100369750830e-02	1.198998e+00
1.000100792323207e-02	1.194656e+00
1.000101637467961e-02	1.187055e+00
1.000103327757470e-02	1.175400e+00
1.000106708336486e-02	1.161743e+00
1.000113469494520e-02	1.152776e+00
1.000124063545573e-02	1.154813e+00
1.000131773719179e-02	1.159089e+00
1.000132848695775e-02	1.159441e+00
1.000134998648967e-02	1.159634e+00
1.000135536137265e-02	1.159629e+00
1.000136611113862e-02	1.159489e+00
1.000138761067054e-02	1.159025e+00
1.000139298555352e-02	1.158857e+00
1.000140373531948e-02	1.158402e+00
1.000142523485140e-02	1.157225e+00
1.000146080118083e-02	1.154816e+00
1.000146934409164e-02	1.154124e+00
1.000149070136867e-02	1.152168e+00
1.000149512537605e-02	1.151733e+00
1.000149954938344e-02	1.151286e+00
1.000150397339082e-02	1.150829e+00
1.000150839739821e-02	1.150361e+00
1.000151282140559e-02	1.149882e+00
1.000151724541297e-02	1.149392e+00
1.000152166942036e-02	1.148891e+00
1.000153875524198e-02	1.146860e+00
1.000157292688522e-02	1.142402e+00
1.000164127017170e-02	1.132546e+00
1.000170164079158e-02	1.123047e+00
1.000175876522360e-02	1.113446e+00
1.000182068483732e-02	1.102631e+00
1.000188381543051e-02	1.091367e+00
1.000195770594475e-02	1.078069e+00
1.000204304442580e-02	1.062734e+00
1.000209801335820e-02	1.052938e+00
1.000214773556942e-02	1.044168e+00
1.000217118714645e-02	1.040071e+00
1.000219456893483e-02	1.036023e+00
1.000223118060441e-02	1.029750e+00
1.000228656599585e-02	1.020393e+00
1.000234402395110e-02	1.010869e+00
1.000241997783156e-02	9.985858e-01
1.000250707084282e-02	9.849462e-01
1.000263242077992e-02	9.661398e-01
1.000279463036773e-02	9.432510e-01
1.000306302505745e-02	9.081564e-01
1.000330471745886e-02	8.790952e-01
1.000352052645447e-02	8.552734e-01
1.000371388846431e-02	8.353936e-01
1.000385217900540e-02	8.220189e-01
1.000401060105827e-02	8.074943e-01
1.000415636542138e-02	7.947897e-01
1.000434048887709e-02	7.793963e-01
1.000436731699501e-02	7.772263e-01
1.000442097323084e-02	7.730090e-01
1.000452828570252e-02	7.647324e-01
1.000460424127662e-02	7.590010e-01
1.000466659898832e-02	7.543951e-01
1.000472811662311e-02	7.499228e-01
1.000480385812968e-02	7.444584e-01
1.000495534114284e-02	7.334069e-01
1.000511330204199e-02	7.213545e-01
1.000528506463123e-02	7.071239e-01
1.000547276377309e-02	6.895301e-01
1.000575869157265e-02	6.582909e-01
1.000608086346537e-02	6.172297e-01
1.000630274518229e-02	5.841151e-01
1.000657427225586e-02	5.373083e-01
1.000683026404050e-02	4.873363e-01
1.000706161998973e-02	4.370233e-01
1.000723859025605e-02	3.953251e-01
1.000739810580108e-02	3.559218e-01
1.000747656838767e-02	3.361836e-01
1.000752350473260e-02	3.243744e-01
1.000757176311409e-02	3.123592e-01
1.000761533343919e-02	3.017520e-01
1.000770247408941e-02	2.816246e-01
1.000787209165850e-02	2.458546e-01
1.000803627223957e-02	2.162583e-01
1.000827237828595e-02	1.803900e-01
1.000830496945227e-02	1.761743e-01
1.000837015178491e-02	1.690159e-01
1.000850051645020e-02	1.571531e-01
1.000872458560910e-02	1.420639e-01
1.000883365751386e-02	1.374751e-01
1.000889912913481e-02	1.362433e-01
1.000896748500158e-02	1.358891e-01
1.000899931764795e-02	1.359988e-01
1.000902870368415e-02	1.362896e-01
1.000908099798855e-02	1.370115e-01
1.000913308717909e-02	1.378439e-01
1.000920889958744e-02	1.390266e-01
1.000928832356124e-02	1.398795e-01
1.000940827281866e-02	1.400320e-01
1.000955181933334e-02	1.383970e-01
1.000970627026822e-02	1.345407e-01
1.000987031349028e-02	1.284525e-01
1.001010499817301e-02	1.177722e-01
1.001029178048563e-02	1.085211e-01
1.001048712647683e-02	9.872016e-02
1.001061551353199e-02	9.254055e-02
1.001077076587873e-02	8.554825e-02
1.001091978243687e-02	7.939144e-02
1.001112437725069e-02	7.171868e-02
1.001126605127039e-02	6.690019e-02
1.001140192321123e-02	6.271186e-02
1.001155022434123e-02	5.849747e-02
1.001165711638260e-02	5.567490e-02
1.001175817683100e-02	5.317872e-02
1.001185880539648e-02	5.083238e-02
1.001195647934575e-02	4.867927e-02
1.001206183094813e-02	4.648765e-02
1.001218551943522e-02	4.405262e-02
1.001227088074988e-02	4.245114e-02
1.001231970205065e-02	4.157161e-02
1.001237124737343e-02	4.066731e-02
1.001239043762178e-02	4.033694e-02
1.001241900810938e-02	3.985343e-02
1.001245499334477e-02	3.925557e-02
1.001251934871159e-02	3.821124e-02
1.001257989697795e-02	3.725988e-02
1.001268246609448e-02	3.571236e-02
1.001278836482710e-02	3.419916e-02
1.001297830433221e-02	3.168742e-02
1.001324852931790e-02	2.843356e-02
1.001350583049498e-02	2.566918e-02
1.001380938033808e-02	2.279583e-02
1.001413303341329e-02	2.006754e-02
1.001431802416928e-02	1.866501e-02
1.001449810577671e-02	1.741703e-02
1.001466075644220e-02	1.636575e-02
1.001481452593240e-02	1.544316e-02
1.001506192352122e-02	1.407493e-02
1.001532356644632e-02	1.272806e-02
1.001537364658719e-02	1.248701e-02
1.001547380686891e-02	1.203272e-02
1.001567412743237e-02	1.118276e-02
1.001605700449480e-02	9.741643e-03
1.001669099898445e-02	7.723251e-03
1.001730228000149e-02	6.160239e-03
1.001806296503170e-02	4.683892e-03
1.001896850775269e-02	3.441598e-03
1.001996850775269e-02	2.729900e-03
1.002096850775269e-02	2.986236e-03
1.002175476851658e-02	4.626036e-03
1.002261529113769e-02	8.738152e-03
1.002328126006765e-02	1.360164e-02
1.002335823986446e-02	1.431620e-02
1.002351219945809e-02	1.589924e-02
1.002355068935649e-02	1.630598e-02
1.002362766915331e-02	1.714473e-02
1.002378162874694e-02	1.885518e-02
1.002379004841221e-02	1.894991e-02
1.002379846807749e-02	1.904497e-02
1.002380688774276e-02	1.914036e-02
1.002381530740804e-02	1.923608e-02
1.002382372707332e-02	1.933213e-02
1.002383214673860e-02	1.942850e-02
1.002384056640387e-02	1.952521e-02
1.002385500011577e-02	1.969133e-02
1.002387424506498e-02	1.991376e-02
1.002391273496338e-02	2.036164e-02
1.002398971476020e-02	2.126751e-02
1.002411202717368e-02	2.273261e-02
1.002434657696504e-02	2.560530e-02
1.002463865417796e-02	2.926291e-02
1.002494670539265e-02	3.319693e-02
1.002535034843026e-02	3.842375e-02
1.002580865267758e-02	4.441051e-02
1.002670800170449e-02	5.621425e-02
1.002757982711225e-02	6.765725e-02
1.002857982711225e-02	8.072053e-02
1.002957982711225e-02	9.367120e-02
1.003057982711225e-02	1.064711e-01
1.003157982711225e-02	1.190813e-01
1.003257982711225e-02	1.314666e-01
1.003357982711225e-02	1.436323e-01
1.003406011408605e-02	1.493757e-01
1.003457869547101e-02	1.554923e-01
1.003482765673136e-02	1.583997e-01
1.003511724127321e-02	1.617480e-01
1.003552686851670e-02	1.664423e-01
1.003584443946354e-02	1.700494e-01
1.003609452136149e-02	1.728666e-01
1.003630935238520e-02	1.752708e-01
1.003649820433433e-02	1.773734e-01
1.003658196731450e-02	1.783013e-01
1.003670369125439e-02	1.796435e-01
1.003680161744621e-02	1.807191e-01
1.003701076044041e-02	1.830029e-01
1.003715971974255e-02	1.846179e-01
1.003740852853659e-02	1.872966e-01
1.003773299195482e-02	1.907591e-01
1.003803245597368e-02	1.939121e-01
1.003863138401142e-02	2.000767e-01
1.003935269369040e-02	2.070396e-01
1.004003871722897e-02	2.123788e-01
1.004065648174601e-02	2.148466e-01
1.004132283033076e-02	2.147618e-01
1.004164426667834e-02	2.138570e-01
1.004187335815216e-02	2.130126e-01
1.004212662094799e-02	2.121962e-01
1.004238101931231e-02	2.115827e-01
1.004263062130263e-02	2.112043e-01
1.004287718451119e-02	2.110214e-01
1.004310079158558e-02	2.109819e-01
1.004335510597897e-02	2.110213e-01
1.004363939670178e-02	2.110881e-01
1.004402988817001e-02	2.111340e-01
1.004431760130160e-02	2.110942e-01
1.004460547414363e-02	2.109670e-01
1.004495580091272e-02	2.107258e-01
1.004534081250255e-02	2.104036e-01
1.004577050103521e-02	2.100357e-01
1.004636344894663e-02	2.095769e-01
1.004682533612490e-02	2.092739e-01
1.004736623010066e-02	2.089633e-01
1.004797018252351e-02	2.086186e-01
1.004887768177850e-02	2.080667e-01
1.004987768177850e-02	2.074303e-01
1.005080983243205e-02	2.068408e-01
1.005180983243205e-02	2.062245e-01
1.005280983243205e-02	2.056124e-01
1.005380983243205e-02	2.049967e-01
1.005580983243205e-02	2.037705e-01
1.005809554671776e-02	2.023836e-01
1.006038126100347e-02	2.010079e-01
1.006266697528918e-02	1.996433e-01
1.006495268957490e-02	1.982900e-01
1.006723840386061e-02	1.969478e-01
1.006952411814632e-02	1.956168e-01
1.007180983243203e-02	1.942970e-01
1.008595268957488e-02	1.864158e-01
1.010009554671773e-02	1.788902e-01
1.011423840386057e-02	1.717203e-01
1.012838126100342e-02	1.649060e-01
1.014252411814627e-02	1.584474e-01
1.015666697528912e-02	1.523445e-01
1.017080983243196e-02	1.465972e-01
1.018723840386052e-02	1.402942e-01
1.020366697528908e-02	1.343186e-01
1.022009554671764e-02	1.286702e-01
1.023652411814620e-02	1.233491e-01
1.025295268957476e-02	1.183554e-01
1.026938126100332e-02	1.136889e-01
1.028580983243188e-02	1.093498e-01
1.029823840386044e-02	1.062223e-01
1.031066697528900e-02	1.032234e-01
1.032309554671756e-02	1.003533e-01
1.033552411814613e-02	9.761188e-02
1.034795268957469e-02	9.499916e-02
1.036038126100325e-02	9.251515e-02
1.037280983243181e-02	9.015983e-02
1.037666697528895e-02	8.944713e-02
1.038052411814609e-02	8.874441e-02
1.038438126100323e-02	8.805169e-02
1.038823840386037e-02	8.736896e-02
1.039209554671751e-02	8.669622e-02
1.039595268957465e-02	8.603347e-02
1.039980983243179e-02	8.538072e-02
1.041123840386036e-02	8.350868e-02
1.042266697528892e-02	8.170849e-02
1.043409554671748e-02	7.998015e-02
1.044552411814604e-02	7.832367e-02
1.045695268957461e-02	7.673904e-02
1.046838126100317e-02	7.522626e-02
1.047980983243173e-02	7.378534e-02
1.049223840386030e-02	7.228743e-02
1.050466697528886e-02	7.085152e-02
1.051709554671742e-02	6.947760e-02
1.052952411814598e-02	6.816568e-02
1.054195268957455e-02	6.691576e-02
1.055438126100311e-02	6.572784e-02
1.056680983243167e-02	6.460191e-02
1.058938126100308e-02	6.270533e-02
1.061195268957449e-02	6.093792e-02
1.063452411814591e-02	5.929969e-02
1.065709554671732e-02	5.779065e-02
1.067966697528873e-02	5.641078e-02
1.070223840386014e-02	5.516010e-02
1.072480983243155e-02	5.403859e-02
1.074795268957439e-02	5.297674e-02
1.077109554671724e-02	5.198872e-02
1.079423840386007e-02	5.107455e-02
1.081738126100291e-02	5.023422e-02
1.084052411814575e-02	4.946773e-02
1.086366697528860e-02	4.877508e-02
1.088680983243144e-02	4.815628e-02
1.088780983243143e-02	4.813011e-02
1.091180983243142e-02	4.754122e-02
1.093580983243140e-02	4.699449e-02
1.095980983243138e-02	4.648991e-02
1.098380983243136e-02	4.602748e-02
1.100780983243135e-02	4.560721e-02
1.103180983243133e-02	4.522909e-02
1.105580983243131e-02	4.489312e-02
1.107995268957415e-02	4.458179e-02
1.110409554671699e-02	4.429285e-02
1.112823840385983e-02	4.402630e-02
1.115238126100267e-02	4.378215e-02
1.117652411814551e-02	4.356040e-02
1.120066697528835e-02	4.336105e-02
1.122480983243119e-02	4.318409e-02
1.124923840385974e-02	4.301928e-02
1.127366697528829e-02	4.286644e-02
1.129809554671685e-02	4.272556e-02
1.132252411814540e-02	4.259665e-02
1.134695268957395e-02	4.247970e-02
1.137138126100251e-02	4.237472e-02
1.139580983243106e-02	4.228171e-02
1.142080983243104e-02	4.219424e-02
1.144580983243102e-02	4.211323e-02
1.147080983243101e-02	4.203869e-02
1.149580983243099e-02	4.197061e-02
1.152080983243097e-02	4.190900e-02
1.154580983243095e-02	4.185385e-02
1.157080983243093e-02	4.180517e-02
1.159680983243091e-02	4.175878e-02
1.162280983243089e-02	4.171591e-02
1.164880983243088e-02	4.167658e-02
1.167480983243086e-02	4.164079e-02
1.170080983243084e-02	4.160853e-02
1.172680983243082e-02	4.157980e-02
1.175280983243080e-02	4.155460e-02
1.177538126100221e-02	4.153432e-02
1.179795268957362e-02	4.151543e-02
1.182052411814503e-02	4.149792e-02
1.184309554671645e-02	4.148179e-02
1.186566697528786e-02	4.146705e-02
1.188823840385927e-02	4.145370e-02
1.191080983243068e-02	4.144173e-02
1.191180983243068e-02	4.144121e-02
1.194266697528780e-02	4.142653e-02
1.197352411814492e-02	4.141312e-02
1.200438126100204e-02	4.140098e-02
1.203523840385916e-02	4.139010e-02
1.206609554671628e-02	4.138050e-02
1.209695268957340e-02	4.137217e-02
1.212780983243052e-02	4.136510e-02
1.216552411814478e-02	4.135744e-02
1.220323840385904e-02	4.135054e-02
1.224095268957330e-02	4.134441e-02
1.227866697528756e-02	4.133903e-02
1.231638126100181e-02	4.133442e-02
1.235409554671607e-02	4.133057e-02
1.239180983243033e-02	4.132748e-02
1.244438126100172e-02	4.132381e-02
1.249695268957311e-02	4.132058e-02
1.254952411814450e-02	4.131781e-02
1.260209554671589e-02	4.131549e-02
1.265466697528728e-02	4.131362e-02
1.270723840385867e-02	4.131220e-02
1.275980983243006e-02	4.131123e-02
1.293580983242993e-02	4.130865e-02
1.306580983242983e-02	4.130782e-02
1.319580983242974e-02	4.130714e-02
1.332580983242964e-02	4.130661e-02
1.345580983242955e-02	4.130624e-02
1.358580983242945e-02	4.130603e-02
1.371580983242936e-02	4.130596e-02
1.384580983242926e-02	4.130606e-02
1.395980983242918e-02	4.130603e-02
1.498380983242843e-02	4.130597e-02
1.500038033514318e-02	4.130597e-02
1.500100000000000e-02	4.130597e-02
1.500106196648568e-02	4.130597e-02
1.500118589945705e-02	4.130597e-02
1.500143376539978e-02	4.691279e-02
1.500150426811454e-02	5.920666e-02
1.500157387670356e-02	8.368701e-02
1.500163141982971e-02	1.064370e-01
1.500168148433316e-02	1.257837e-01
1.500173295275044e-02	1.451546e-01
1.500182273265325e-02	1.779749e-01
1.500190072192535e-02	2.055169e-01
1.500200000000000e-02	2.395633e-01
1.500200992780746e-02	2.428470e-01
1.500202978342239e-02	2.493723e-01
1.500206949465225e-02	2.622209e-01
1.500214891711198e-02	2.871196e-01
1.500230776203142e-02	3.353090e-01
1.500233261165358e-02	3.425923e-01
1.500238231089789e-02	3.567753e-01
1.500240405431728e-02	3.628958e-01
1.500244132875051e-02	3.732068e-01
1.500249102799482e-02	3.866449e-01
1.500259042648344e-02	4.127389e-01
1.500269909924126e-02	4.401986e-01
1.500280681825007e-02	4.663191e-01
1.500288323015431e-02	4.841144e-01
1.500297695577311e-02	5.051116e-01
1.500307143295177e-02	5.255928e-01
1.500312312765672e-02	5.364662e-01
1.500317367081394e-02	5.468165e-01
1.500323550856436e-02	5.591850e-01
1.500330039116780e-02	5.718235e-01
1.500338132570693e-02	5.871048e-01
1.500347863844612e-02	6.047273e-01
1.500364769968145e-02	6.338214e-01
1.500380286452636e-02	6.590437e-01
1.500394279619388e-02	6.804203e-01
1.500408711749599e-02	7.011170e-01
1.500427162237650e-02	7.257515e-01
1.500451469462619e-02	7.555477e-01
1.500479723710612e-02	7.868266e-01
1.500510421931030e-02	8.169685e-01
1.500546704708903e-02	8.479270e-01
1.500591495926319e-02	8.803349e-01
1.500643984066666e-02	9.115793e-01
1.500702919654894e-02	9.396619e-01
1.500760985632239e-02	9.611621e-01
1.500829363253224e-02	9.802752e-01
1.500899597084614e-02	9.946321e-01
1.500976972461772e-02	1.005437e+00
1.501075868854293e-02	1.014099e+00
1.501175868854293e-02	1.018843e+00
1.501275868854293e-02	1.020630e+00
1.501375868854293e-02	1.020451e+00
1.501475868854293e-02	1.018982e+00
1.501575868854293e-02	1.016670e+00
1.501675868854293e-02	1.013806e+00
1.501775868854292e-02	1.010580e+00
1.501875868854292e-02	1.007114e+00
1.501975868854292e-02	1.003487e+00
1.502075868854292e-02	9.997498e-01
1.502175868854292e-02	9.959387e-01
1.502275868854292e-02	9.920809e-01
1.502375868854292e-02	9.882112e-01
1.502475868854292e-02	9.844414e-01
1.502575868854292e-02	9.814278e-01
1.502675868854292e-02	9.810475e-01
1.502750615903196e-02	9.861515e-01
1.502833412098105e-02	1.000922e+00
1.502887422264358e-02	1.017183e+00
1.502940975512831e-02	1.038747e+00
1.503000560024586e-02	1.065775e+00
1.503058746177613e-02	1.092818e+00
1.503114783345321e-02	1.117864e+00
1.503174509848253e-02	1.142566e+00
1.503234943461928e-02	1.164984e+00
1.503334943461928e-02	1.197893e+00
1.503434943461928e-02	1.227805e+00
1.503534943461927e-02	1.256552e+00
1.503634943461927e-02	1.286297e+00
1.503734943461927e-02	1.318215e+00
1.503834943461927e-02	1.352221e+00
1.503934943461927e-02	1.387324e+00
1.504034943461927e-02	1.422370e+00
1.504134943461927e-02	1.456629e+00
1.504234943461927e-02	1.489959e+00
1.504334943461927e-02	1.522661e+00
1.504434943461927e-02	1.555202e+00
1.504534943461927e-02	1.587962e+00
1.504634943461927e-02	1.621097e+00
1.504734943461927e-02	1.654540e+00
1.504834943461926e-02	1.688105e+00
1.504934943461926e-02	1.721610e+00
1.505034943461926e-02	1.754954e+00
1.505234943461926e-02	1.821222e+00
1.505534943461926e-02	1.920572e+00
1.505834943461926e-02	2.020133e+00
1.505934943461926e-02	2.053266e+00
1.505940830738711e-02	2.055216e+00
1.505946718015497e-02	2.057164e+00
1.505952605292283e-02	2.059113e+00
1.505958492569068e-02	2.061062e+00
1.505964379845854e-02	2.063010e+00
1.505970267122640e-02	2.064958e+00
1.505976154399426e-02	2.066905e+00
1.506344011542282e-02	2.188585e+00
1.506711868685139e-02	2.310096e+00
1.507079725827996e-02	2.431438e+00
1.507447582970853e-02	2.552611e+00
1.507815440113710e-02	2.673615e+00
1.508183297256567e-02	2.794451e+00
1.508551154399424e-02	2.915118e+00
1.508765440113709e-02	2.985322e+00
1.508979725827995e-02	3.055467e+00
1.509194011542280e-02	3.125551e+00
1.509408297256566e-02	3.195574e+00
1.509622582970852e-02	3.265537e+00
1.509836868685137e-02	3.335440e+00
1.510051154399423e-02	3.405282e+00
1.510351154399422e-02	3.502958e+00
1.510651154399422e-02	3.600513e+00
1.510838989220851e-02	3.661534e+00
1.511026824042279e-02	3.722507e+00
1.511214658863707e-02	3.783431e+00
1.511402493685136e-02	3.844308e+00
1.511590328506564e-02	3.905136e+00
1.511778163327993e-02	3.965915e+00
1.511965998149421e-02	4.026647e+00
1.512165998149421e-02	4.091259e+00
1.512365998149421e-02	4.155814e+00
1.512565998149421e-02	4.220314e+00
1.512665998149421e-02	4.252542e+00
1.512765998149421e-02	4.284755e+00
1.512865998149421e-02	4.316953e+00
1.512965998149421e-02	4.349136e+00
1.513065998149420e-02	4.381302e+00
1.513165998149420e-02	4.413453e+00
1.513265998149420e-02	4.445585e+00
1.513365998149420e-02	4.477699e+00
1.513465998149420e-02	4.509792e+00
1.513565998149420e-02	4.541863e+00
1.513665998149420e-02	4.573908e+00
1.513765998149420e-02	4.605923e+00
1.513865998149420e-02	4.637903e+00
1.513965998149420e-02	4.669841e+00
1.514065998149420e-02	4.701728e+00
1.514165998149420e-02	4.733550e+00
1.514265998149420e-02	4.765289e+00
1.514365998149420e-02	4.796926e+00
1.514465998149419e-02	4.828428e+00
1.514565998149419e-02	4.859757e+00
1.514665998149419e-02	4.890863e+00
1.514765998149419e-02	4.921682e+00
1.514865998149419e-02	4.952133e+00
1.514965998149419e-02	4.982117e+00
1.515065998149419e-02	5.011512e+00
1.515165998149419e-02	5.040181e+00
1.515265998149419e-02	5.067967e+00
1.515365998149419e-02	5.094709e+00
1.515465998149419e-02	5.120253e+00
1.515565998149419e-02	5.144460e+00
1.515665998149419e-02	5.167223e+00
1.515765998149418e-02	5.188473e+00
1.515965998149418e-02	5.226331e+00
1.516065998149418e-02	5.242981e+00
1.516165998149418e-02	5.258183e+00
1.516265998149418e-02	5.272018e+00
1.516365998149418e-02	5.284573e+00
1.516465998149418e-02	5.295940e+00
1.516565998149418e-02	5.306213e+00
1.516665998149418e-02	5.315479e+00
1.516765998149418e-02	5.323825e+00
1.516865998149418e-02	5.331333e+00
1.516965998149418e-02	5.338078e+00
1.517065998149418e-02	5.344135e+00
1.517165998149417e-02	5.349569e+00
1.517265998149417e-02	5.354443e+00
1.517365998149417e-02	5.358812e+00
1.517465998149417e-02	5.362727e+00
1.517565998149417e-02	5.366235e+00
1.517665998149417e-02	5.369375e+00
1.517765998149417e-02	5.372187e+00
1.517865998149417e-02	5.374702e+00
1.517965998149417e-02	5.376953e+00
1.518065998149417e-02	5.378966e+00
1.518165998149417e-02	5.380767e+00
1.518265998149417e-02	5.382377e+00
1.518365998149417e-02	5.383818e+00
1.518465998149417e-02	5.385106e+00
1.518565998149416e-02	5.386257e+00
1.518665998149416e-02	5.387287e+00
1.518765998149416e-02	5.388208e+00
1.518865998149416e-02	5.389030e+00
1.518965998149416e-02	5.389766e+00
1.519065998149416e-02	5.390424e+00
1.519165998149416e-02	5.391011e+00
1.519265998149416e-02	5.391536e+00
1.519365998149416e-02	5.392005e+00
1.519465998149416e-02	5.392425e+00
1.519565998149416e-02	5.392799e+00
1.519665998149416e-02	5.393135e+00
1.519765998149416e-02	5.393434e+00
1.519865998149415e-02	5.393702e+00
1.519965998149415e-02	5.393941e+00
1.520065998149415e-02	5.394155e+00
1.520165998149415e-02	5.394345e+00
1.520265998149415e-02	5.394516e+00
1.520365998149415e-02	5.394668e+00
1.520465998149415e-02	5.394804e+00
1.520565998149415e-02	5.394926e+00
1.520665998149415e-02	5.395035e+00
1.520765998149415e-02	5.395132e+00
1.520865998149415e-02	5.395219e+00
1.520965998149415e-02	5.395297e+00
1.521065998149415e-02	5.395366e+00
1.521165998149415e-02	5.395428e+00
1.521265998149414e-02	5.395483e+00
1.521365998149414e-02	5.395533e+00
1.521465998149414e-02	5.395577e+00
1.521565998149414e-02	5.395617e+00
1.521665998149414e-02	5.395652e+00
1.521765998149414e-02	5.395683e+00
1.521865998149414e-02	5.395711e+00
1.521965998149414e-02	5.395737e+00
1.522065998149414e-02	5.395759e+00
1.522165998149414e-02	5.395779e+00
1.522265998149414e-02	5.395797e+00
1.522365998149414e-02	5.395813e+00
1.522465998149414e-02	5.395828e+00
1.522565998149413e-02	5.395841e+00
1.522665998149413e-02	5.395852e+00
1.522765998149413e-02	5.395862e+00
1.522865998149413e-02	5.395871e+00
1.522965998149413e-02	5.395880e+00
1.523065998149413e-02	5.395887e+00
1.523165998149413e-02	5.395893e+00
1.523265998149413e-02	5.395899e+00
1.523365998149413e-02	5.395905e+00
1.523465998149413e-02	5.395909e+00
1.523565998149413e-02	5.395913e+00
1.523665998149413e-02	5.395917e+00
1.523765998149413e-02	5.395920e+00
1.523865998149413e-02	5.395923e+00
1.523965998149412e-02	5.395926e+00
1.524065998149412e-02	5.395928e+00
1.524165998149412e-02	5.395930e+00
1.524265998149412e-02	5.395932e+00
1.524365998149412e-02	5.395934e+00
1.524465998149412e-02	5.395936e+00
1.524565998149412e-02	5.395936e+00
1.524665998149412e-02	5.395938e+00
1.524765998149412e-02	5.395939e+00
1.524865998149412e-02	5.395940e+00
1.524965998149412e-02	5.395941e+00
1.525065998149412e-02	5.395942e+00
1.525165998149412e-02	5.395942e+00
1.525265998149412e-02	5.395943e+00
1.525365998149411e-02	5.395944e+00
1.525465998149411e-02	5.395944e+00
1.525565998149411e-02	5.395944e+00
1.525665998149411e-02	5.395945e+00
1.525765998149411e-02	5.395945e+00
1.525865998149411e-02	5.395946e+00
1.525965998149411e-02	5.395946e+00
1.526165998149411e-02	5.395946e+00
1.526365998149411e-02	5.395947e+00
1.526565998149411e-02	5.395947e+00
1.526765998149410e-02	5.395947e+00
1.527065998149410e-02	5.395947e+00
1.527365998149410e-02	5.395947e+00
1.527580283863695e-02	5.395948e+00
1.527794569577981e-02	5.395948e+00
1.528008855292267e-02	5.395948e+00
1.528223141006552e-02	5.395948e+00
1.528437426720838e-02	5.395948e+00
1.528651712435123e-02	5.395948e+00
1.528865998149409e-02	5.395948e+00
1.529351712435123e-02	5.395948e+00
1.529837426720837e-02	5.395948e+00
1.530323141006551e-02	5.395948e+00
1.530808855292265e-02	5.395948e+00
1.531294569577979e-02	5.395948e+00
1.531780283863692e-02	5.395948e+00
1.532265998149406e-02	5.395948e+00
1.534608855292262e-02	5.395948e+00
1.536951712435117e-02	5.395948e+00
1.539294569577973e-02	5.395948e+00
1.541637426720828e-02	5.395948e+00
1.543980283863683e-02	5.395948e+00
1.546323141006539e-02	5.395948e+00
1.548665998149394e-02	5.395948e+00
1.551023141006536e-02	5.395948e+00
1.553380283863678e-02	5.395948e+00
1.555737426720820e-02	5.395948e+00
1.558094569577961e-02	5.395948e+00
1.560451712435103e-02	5.395948e+00
1.562808855292245e-02	5.395948e+00
1.565165998149387e-02	5.395948e+00
1.567523141006532e-02	5.395948e+00
1.569880283863677e-02	5.395948e+00
1.572237426720823e-02	5.395948e+00
1.574594569577967e-02	5.395948e+00
1.576951712435113e-02	5.395948e+00
1.579308855292258e-02	5.395948e+00
1.581665998149403e-02	5.395948e+00
1.583423141006548e-02	5.395948e+00
1.585180283863693e-02	5.395948e+00
1.586937426720837e-02	5.395948e+00
1.588694569577982e-02	5.395948e+00
1.590451712435126e-02	5.395948e+00
1.592208855292271e-02	5.395948e+00
1.593965998149416e-02	5.395948e+00
1.594065998149416e-02	5.395948e+00
1.596437426720847e-02	5.395948e+00
1.598808855292277e-02	5.395948e+00
1.601180283863709e-02	5.395948e+00
1.603551712435139e-02	5.395948e+00
1.605923141006570e-02	5.395948e+00
1.608294569578001e-02	5.395948e+00
1.610665998149432e-02	5.395948e+00
1.613051712435149e-02	5.395948e+00
1.615437426720866e-02	5.395948e+00
1.617823141006582e-02	5.395948e+00
1.620208855292299e-02	5.395948e+00
1.622594569578015e-02	5.395948e+00
1.624980283863732e-02	5.395948e+00
1.627365998149449e-02	5.395948e+00
1.629780283863737e-02	5.395948e+00
1.632194569578025e-02	5.395948e+00
1.634608855292313e-02	5.395948e+00
1.637023141006601e-02	5.395948e+00
1.639437426720890e-02	5.395948e+00
1.641851712435178e-02	5.395948e+00
1.644265998149466e-02	5.395948e+00
1.646737426720897e-02	5.395948e+00
1.649208855292328e-02	5.395948e+00
1.651680283863759e-02	5.395948e+00
1.654151712435190e-02	5.395948e+00
1.656623141006621e-02	5.395948e+00
1.659094569578052e-02	5.395948e+00
1.661565998149483e-02	5.395948e+00
1.664137426720914e-02	5.395948e+00
1.666708855292345e-02	5.395948e+00
1.669280283863777e-02	5.395948e+00
1.671851712435208e-02	5.395948e+00
1.674423141006639e-02	5.395948e+00
1.676994569578070e-02	5.395948e+00
1.679565998149501e-02	5.395948e+00
1.681965998149504e-02	5.395948e+00
1.684365998149506e-02	5.395948e+00
1.686765998149508e-02	5.395948e+00
1.689165998149511e-02	5.395948e+00
1.691565998149513e-02	5.395948e+00
1.693965998149516e-02	5.395948e+00
1.696365998149518e-02	5.395948e+00
1.696465998149518e-02	5.395948e+00
1.699580283863807e-02	5.395948e+00
1.702694569578096e-02	5.395948e+00
1.705808855292384e-02	5.395948e+00
1.708923141006673e-02	5.395948e+00
1.712037426720962e-02	5.395948e+00
1.715151712435251e-02	5.395948e+00
1.718265998149540e-02	5.395948e+00
1.722137426720972e-02	5.395948e+00
1.726008855292405e-02	5.395948e+00
1.729880283863837e-02	5.395948e+00
1.733751712435270e-02	5.395948e+00
1.737623141006702e-02	5.395948e+00
1.741494569578134e-02	5.395948e+00
1.745365998149567e-02	5.395948e+00
1.750880283863858e-02	5.395948e+00
1.756394569578149e-02	5.395948e+00
1.761908855292441e-02	5.395948e+00
1.767423141006732e-02	5.395948e+00
1.772937426721023e-02	5.395948e+00
1.778451712435314e-02	5.395948e+00
1.783965998149606e-02	5.395948e+00
1.798865998149620e-02	5.395948e+00
1.813023141006777e-02	5.395948e+00
1.827180283863935e-02	5.395948e+00
1.841337426721092e-02	5.395948e+00
1.855494569578248e-02	5.395948e+00
1.869651712435405e-02	5.395948e+00
1.883808855292562e-02	5.395948e+00
1.897965998149720e-02	5.395948e+00
1.901265998149723e-02	5.395948e+00
1.999965998149822e-02	5.395948e+00
2.000000000000000e-02	5.395948e+00
